0 0.57125 0.72 0.14 0.11
0 0.8775 0.655625 0.09583333333333334 0.14875
0 0.34 0.574375 0.17 0.0575
0 0.2975 0.69375 0.18333333333333332 0.08625
0 0.1975 0.564375 0.11041666666666666 0.049375
0 0.06625 0.555625 0.07708333333333334 0.044375
0 0.04958333333333333 0.471875 0.06625 0.041875
0 0.18625 0.458125 0.057916666666666665 0.035
0 0.27666666666666667 0.46 0.1025 0.040625
0 0.395 0.4525 0.12291666666666666 0.035
0 0.365 0.395 0.06041666666666667 0.050625
0 0.42875 0.398125 0.04958333333333333 0.0275
0 0.34958333333333336 0.331875 0.052083333333333336 0.026875
0 0.5741666666666667 0.379375 0.08 0.041875
0 0.79875 0.345625 0.10166666666666667 0.049375
0 0.6591666666666667 0.290625 0.06166666666666667 0.035
0 0.265 0.404375 0.057916666666666665 0.036875