0 0.7616666666666667 0.709375 0.17583333333333334 0.075625
0 0.45916666666666667 0.6025 0.11708333333333333 0.045625
0 0.2816666666666667 0.579375 0.12958333333333333 0.048125
0 0.13666666666666666 0.569375 0.10916666666666666 0.04625
0 0.034583333333333334 0.554375 0.06291666666666666 0.034375
0 0.035416666666666666 0.468125 0.05416666666666667 0.0325
0 0.13291666666666666 0.46 0.05416666666666667 0.034375
0 0.23625 0.45125 0.115 0.026875
0 0.3025 0.376875 0.07166666666666667 0.025625
0 0.5179166666666667 0.389375 0.08291666666666667 0.026875
0 0.7825 0.345 0.07041666666666667 0.0525
0 0.7179166666666666 0.284375 0.06833333333333333 0.0225
0 0.58 0.30375 0.07083333333333333 0.020625
0 0.4175 0.3625 0.06625 0.023125
0 0.27625 0.295 0.042083333333333334 0.0175
0 0.3570833333333333 0.28 0.025416666666666667 0.030625