0 0.03875 0.54625 0.07541666666666667 0.086875
0 0.11625 0.386875 0.04666666666666667 0.019375
0 0.1825 0.380625 0.05 0.020625
0 0.30666666666666664 0.295625 0.032916666666666664 0.026875
0 0.40208333333333335 0.360625 0.0575 0.025
0 0.4716666666666667 0.365625 0.0625 0.05
0 0.8133333333333334 0.339375 0.13333333333333333 0.0675
0 0.835 0.27 0.08541666666666667 0.034375
0 0.8883333333333333 0.209375 0.03833333333333333 0.055625
0 0.79625 0.21 0.08333333333333333 0.026875
0 0.66625 0.23 0.06583333333333333 0.02875
0 0.595 0.225625 0.06041666666666667 0.0225