0 0.28833333333333333 0.56875 0.14166666666666666 0.055625
0 0.13791666666666666 0.574375 0.09833333333333333 0.054375
0 0.13833333333333334 0.455 0.05875 0.030625
0 0.24875 0.459375 0.10041666666666667 0.036875
0 0.22583333333333333 0.385 0.055 0.0275
0 0.04958333333333333 0.47 0.056666666666666664 0.02875
0 0.325 0.37375 0.058333333333333334 0.02125
0 0.4191666666666667 0.365625 0.06166666666666667 0.025625
0 0.6633333333333333 0.375625 0.12041666666666667 0.0275
0 0.8654166666666666 0.253125 0.04958333333333333 0.041875
0 0.7004166666666667 0.276875 0.11208333333333333 0.024375
0 0.5191666666666667 0.314375 0.042083333333333334 0.02125
0 0.44958333333333333 0.263125 0.05458333333333333 0.0325