0 0.3333333333333333 0.69125 0.17291666666666666 0.080625
0 0.6008333333333333 0.723125 0.20166666666666666 0.098125
0 0.2941666666666667 0.57375 0.135 0.049375
0 0.15625 0.56875 0.12583333333333332 0.0525
0 0.03791666666666667 0.47875 0.06458333333333334 0.040625
0 0.24416666666666667 0.46 0.085 0.040625
0 0.36583333333333334 0.4525 0.11875 0.0325
0 0.6195833333333334 0.37125 0.060833333333333336 0.04625
0 0.8183333333333334 0.341875 0.09625 0.05375
0 0.7008333333333333 0.285625 0.07416666666666667 0.038125
0 0.5795833333333333 0.305625 0.043333333333333335 0.0225
0 0.47458333333333336 0.31875 0.052083333333333336 0.030625
0 0.3745833333333333 0.320625 0.06583333333333333 0.0325
0 0.24208333333333334 0.344375 0.035 0.0275
0 0.27791666666666665 0.395625 0.06 0.055625
0 0.3954166666666667 0.383125 0.03 0.03625
0 0.4504166666666667 0.393125 0.06833333333333333 0.0325
0 0.8525 0.265625 0.035416666666666666 0.025625
0 0.043333333333333335 0.55375 0.07625 0.049375