0 0.06291666666666666 0.558125 0.08916666666666667 0.035
0 0.18083333333333335 0.5625 0.13166666666666665 0.04
0 0.31916666666666665 0.58 0.11 0.076875
0 0.5416666666666666 0.726875 0.20333333333333334 0.08125
0 0.80125 0.2725 0.0525 0.0225
0 0.8654166666666666 0.225625 0.02875 0.026875
0 0.6816666666666666 0.291875 0.03916666666666667 0.026875
0 0.4170833333333333 0.36375 0.07708333333333334 0.0275
0 0.36833333333333335 0.3975 0.06666666666666667 0.03125
0 0.19666666666666666 0.4075 0.06833333333333333 0.035
0 0.2841666666666667 0.456875 0.08666666666666667 0.04
0 0.39416666666666667 0.450625 0.08416666666666667 0.026875
0 0.16791666666666666 0.461875 0.06833333333333333 0.034375
0 0.4345833333333333 0.32875 0.057916666666666665 0.01875
0 0.08666666666666667 0.46125 0.050833333333333335 0.020625
0 0.29333333333333333 0.340625 0.042083333333333334 0.0225