0 0.7341666666666666 0.713125 0.23 0.0775
0 0.8233333333333334 0.343125 0.09666666666666666 0.058125
0 0.8516666666666667 0.261875 0.06333333333333334 0.026875
0 0.8670833333333333 0.224375 0.016666666666666666 0.0275
0 0.905 0.2225 0.0225 0.03625
0 0.7258333333333333 0.258125 0.06333333333333334 0.036875
0 0.62 0.2975 0.052083333333333336 0.0175
0 0.5391666666666667 0.368125 0.07125 0.02875
0 0.5 0.315 0.035416666666666666 0.024375
0 0.48 0.266875 0.07708333333333334 0.015
0 0.37083333333333335 0.37125 0.10625 0.0225
0 0.24875 0.57 0.14416666666666667 0.0525
0 0.34541666666666665 0.44875 0.11291666666666667 0.030625
0 0.23166666666666666 0.460625 0.10375 0.030625
0 0.10458333333333333 0.466875 0.05875 0.0325
0 0.11458333333333333 0.5625 0.08833333333333333 0.04
0 0.40875 0.620625 0.07291666666666667 0.043125