0 0.40875 0.70625 0.145 0.091875
0 0.21916666666666668 0.6975 0.12166666666666667 0.06125
0 0.06458333333333334 0.665 0.12166666666666667 0.048125
0 0.13375 0.5 0.06833333333333333 0.04625
0 0.0325 0.504375 0.05583333333333333 0.045625
0 0.09041666666666667 0.42 0.032916666666666664 0.025
0 0.034166666666666665 0.40625 0.04416666666666667 0.025625
0 0.2575 0.499375 0.1125 0.049375
0 0.38916666666666666 0.500625 0.13291666666666666 0.054375
0 0.55625 0.4625 0.14666666666666667 0.0825
0 0.49666666666666665 0.285625 0.041666666666666664 0.030625
0 0.5308333333333334 0.2375 0.04416666666666667 0.023125
0 0.41208333333333336 0.29875 0.050833333333333335 0.03625
0 0.3829166666666667 0.2525 0.029583333333333333 0.0525
0 0.3175 0.28 0.0525 0.026875
0 0.23666666666666666 0.32125 0.058333333333333334 0.035