0 0.78 0.713125 0.12708333333333333 0.09
0 0.8170833333333334 0.465 0.12416666666666666 0.0825
0 0.53125 0.735 0.21541666666666667 0.070625
0 0.6058333333333333 0.495625 0.12958333333333333 0.054375
0 0.44 0.495 0.11291666666666667 0.054375
0 0.27125 0.504375 0.10083333333333333 0.049375
0 0.25 0.679375 0.14125 0.083125
0 0.07083333333333333 0.6625 0.12291666666666666 0.061875
0 0.08666666666666667 0.46875 0.04 0.09
0 0.15875 0.504375 0.07666666666666666 0.033125
0 0.17416666666666666 0.4125 0.045 0.0325
0 0.3908333333333333 0.306875 0.0425 0.026875
0 0.42 0.253125 0.04 0.03625
0 0.6629166666666667 0.215625 0.04541666666666667 0.033125
0 0.53 0.276875 0.037083333333333336 0.03125
0 0.31416666666666665 0.311875 0.029166666666666667 0.0275
0 0.29 0.27875 0.02875 0.029375
0 0.1725 0.338125 0.028333333333333332 0.026875