0 0.5775 0.716875 0.13916666666666666 0.099375
0 0.3016666666666667 0.694375 0.155 0.080625
0 0.1025 0.669375 0.06166666666666667 0.059375
0 0.11125 0.493125 0.056666666666666664 0.049375
0 0.1875 0.5025 0.06666666666666667 0.04625
0 0.2920833333333333 0.501875 0.10166666666666667 0.05375
0 0.47625 0.4775 0.14125 0.074375
0 0.6358333333333334 0.475625 0.12 0.105625
0 0.8425 0.455 0.1125 0.084375
0 0.18833333333333332 0.404375 0.05 0.04
0 0.10875 0.41875 0.042083333333333334 0.030625
0 0.020416666666666666 0.421875 0.035833333333333335 0.030625
0 0.16416666666666666 0.3375 0.04125 0.0325
0 0.29625 0.31375 0.04416666666666667 0.03125
0 0.39416666666666667 0.2625 0.043333333333333335 0.026875
0 0.37083333333333335 0.305 0.03 0.023125
0 0.63 0.223125 0.06625 0.0225
0 0.8379166666666666 0.683125 0.11375 0.0975