0 0.1175 0.50125 0.09833333333333333 0.050625
0 0.2725 0.4975 0.1125 0.075
0 0.45208333333333334 0.490625 0.125 0.063125
0 0.6545833333333333 0.473125 0.10458333333333333 0.079375
0 0.8279166666666666 0.453125 0.1225 0.073125
0 0.7995833333333333 0.3525 0.07666666666666666 0.059375
0 0.6758333333333333 0.288125 0.06416666666666666 0.034375
0 0.42291666666666666 0.386875 0.05416666666666667 0.05
0 0.3829166666666667 0.361875 0.01875 0.026875
0 0.27791666666666665 0.400625 0.035833333333333335 0.041875
0 0.30125 0.315 0.03375 0.029375
0 0.3770833333333333 0.3025 0.055 0.030625
0 0.5133333333333333 0.289375 0.07583333333333334 0.030625
0 0.6225 0.235 0.04583333333333333 0.03875
0 0.23416666666666666 0.2975 0.032916666666666664 0.03125