0 0.1925 0.688125 0.13125 0.051875
0 0.024583333333333332 0.658125 0.04375 0.0675
0 0.025833333333333333 0.498125 0.045 0.065
0 0.11458333333333333 0.498125 0.05625 0.04625
0 0.23 0.490625 0.09416666666666666 0.0725
0 0.3545833333333333 0.4925 0.12333333333333334 0.070625
0 0.52625 0.4725 0.11833333333333333 0.0825
0 0.5225 0.285 0.050833333333333335 0.03625
0 0.8475 0.184375 0.06333333333333334 0.044375
0 0.55875 0.238125 0.050833333333333335 0.01875
0 0.4066666666666667 0.265 0.050833333333333335 0.034375
0 0.32958333333333334 0.27 0.051666666666666666 0.0325
0 0.26166666666666666 0.325 0.04416666666666667 0.029375
0 0.36041666666666666 0.729375 0.12 0.06