0 0.7208333333333333 0.695 0.14625 0.12375
0 0.22708333333333333 0.688125 0.1475 0.06625
0 0.46958333333333335 0.730625 0.1775 0.056875
0 0.40375 0.5025 0.14375 0.045625
0 0.5641666666666667 0.5075 0.13916666666666666 0.0425
0 0.7670833333333333 0.4575 0.15458333333333332 0.08125
0 0.5370833333333334 0.283125 0.02875 0.041875
0 0.69625 0.211875 0.07166666666666667 0.0225
0 0.41 0.3025 0.05583333333333333 0.015
0 0.43416666666666665 0.254375 0.05625 0.0225
0 0.30291666666666667 0.28125 0.04416666666666667 0.0275
0 0.2275 0.29 0.04375 0.0225
0 0.17625 0.33 0.04541666666666667 0.034375
0 0.24083333333333334 0.500625 0.09583333333333334 0.049375
0 0.13541666666666666 0.488125 0.05625 0.075
0 0.07666666666666666 0.48875 0.049166666666666664 0.040625
0 0.0775 0.415 0.03333333333333333 0.03875
0 0.16625 0.41375 0.04625 0.033125
0 0.065 0.661875 0.10916666666666666 0.08