0 0.62875 0.48625 0.115 0.075625
0 0.79875 0.47125 0.15791666666666668 0.065
0 0.2575 0.50875 0.09791666666666667 0.065625
0 0.11333333333333333 0.499375 0.09 0.0575
0 0.46166666666666667 0.391875 0.04625 0.033125
0 0.5720833333333334 0.38 0.06833333333333333 0.0475
0 0.7604166666666666 0.358125 0.09166666666666666 0.040625
0 0.6654166666666667 0.293125 0.04125 0.025
0 0.07375 0.3525 0.030833333333333334 0.0275
0 0.32958333333333334 0.329375 0.04583333333333333 0.049375
0 0.39958333333333335 0.305 0.04416666666666667 0.026875
0 0.5904166666666667 0.24625 0.06 0.03125