0 0.7591666666666667 0.696875 0.18916666666666668 0.09125
0 0.4816666666666667 0.71875 0.21458333333333332 0.076875
0 0.24583333333333332 0.705625 0.16083333333333333 0.06875
0 0.04833333333333333 0.69 0.09625 0.055625
0 0.1475 0.505625 0.09083333333333334 0.04625
0 0.25666666666666665 0.513125 0.085 0.045625
0 0.40791666666666665 0.51125 0.10625 0.066875
0 0.5975 0.499375 0.13666666666666666 0.0675
0 0.8004166666666667 0.4725 0.075 0.065625
0 0.23208333333333334 0.40625 0.04125 0.0575
0 0.13708333333333333 0.43125 0.055 0.0225
0 0.06166666666666667 0.39625 0.0375 0.055625
0 0.2825 0.325 0.027083333333333334 0.016875
0 0.44708333333333333 0.305625 0.04625 0.025625
0 0.5075 0.255 0.0575 0.0325