0 0.1775 0.7025 0.11416666666666667 0.095
0 0.3904166666666667 0.715 0.155 0.10875
0 0.7291666666666666 0.711875 0.1775 0.073125
0 0.7654166666666666 0.489375 0.12458333333333334 0.080625
0 0.5683333333333334 0.505 0.13791666666666666 0.07125
0 0.35791666666666666 0.513125 0.10791666666666666 0.061875
0 0.21583333333333332 0.52375 0.08791666666666667 0.0525
0 0.12958333333333333 0.49375 0.057916666666666665 0.07125
0 0.06166666666666667 0.401875 0.035416666666666666 0.044375
0 0.29125 0.33125 0.02875 0.0275
0 0.4558333333333333 0.31125 0.058333333333333334 0.035
0 0.51875 0.25 0.04375 0.035