0 0.7475 0.70375 0.16 0.063125
0 0.7075 0.3625 0.07333333333333333 0.058125
0 0.5795833333333333 0.24625 0.05625 0.03875
0 0.5475 0.395625 0.07666666666666666 0.036875
0 0.41291666666666665 0.411875 0.08375 0.034375
0 0.3925 0.336875 0.03958333333333333 0.029375
0 0.2920833333333333 0.341875 0.04666666666666667 0.030625
0 0.28583333333333333 0.415 0.06458333333333334 0.044375
0 0.3233333333333333 0.61125 0.11666666666666667 0.0425
0 0.17166666666666666 0.569375 0.12083333333333333 0.08125
0 0.065 0.560625 0.09 0.07125
0 0.08583333333333333 0.473125 0.04625 0.03875
0 0.14833333333333334 0.475625 0.06416666666666666 0.055625
0 0.22333333333333333 0.40875 0.0475 0.045625
0 0.29041666666666666 0.489375 0.08583333333333333 0.036875
0 0.45166666666666666 0.484375 0.07208333333333333 0.043125
0 0.6058333333333333 0.4975 0.05375 0.035625