0 0.7425 0.490625 0.12833333333333333 0.08875
0 0.5329166666666667 0.49375 0.09625 0.091875
0 0.6416666666666667 0.7125 0.16708333333333333 0.061875
0 0.4575 0.608125 0.11916666666666667 0.055625
0 0.33625 0.71875 0.20083333333333334 0.076875
0 0.1225 0.691875 0.11583333333333333 0.085
0 0.36125 0.51 0.12458333333333334 0.05
0 0.34833333333333333 0.465625 0.11916666666666667 0.0425
0 0.27541666666666664 0.415 0.06166666666666667 0.029375
0 0.39416666666666667 0.409375 0.07708333333333334 0.036875
0 0.29041666666666666 0.32 0.04625 0.030625