0 0.42333333333333334 0.61625 0.10791666666666666 0.038125
0 0.23416666666666666 0.595625 0.13291666666666666 0.065
0 0.09375 0.58625 0.12166666666666667 0.0575
0 0.10208333333333333 0.480625 0.055 0.03875
0 0.22166666666666668 0.4725 0.06458333333333334 0.034375
0 0.34041666666666665 0.46125 0.09541666666666666 0.04625
0 0.4975 0.39375 0.08541666666666667 0.0475
0 0.5829166666666666 0.300625 0.035 0.049375
0 0.6470833333333333 0.39 0.07125 0.03875
0 0.8166666666666667 0.345 0.08666666666666667 0.050625
0 0.6708333333333333 0.233125 0.049166666666666664 0.036875
0 0.4504166666666667 0.33125 0.03791666666666667 0.025625
0 0.05625 0.438125 0.035416666666666666 0.033125