0 0.3516666666666667 0.685 0.15 0.054375
0 0.6595833333333333 0.7225 0.19125 0.09375
0 0.7920833333333334 0.47375 0.11875 0.08625
0 0.67375 0.374375 0.08083333333333333 0.04625
0 0.5079166666666667 0.400625 0.08916666666666667 0.029375
0 0.46 0.461875 0.06666666666666667 0.0575
0 0.325 0.48125 0.0925 0.041875
0 0.25416666666666665 0.575625 0.105 0.055625
0 0.1175 0.5775 0.11 0.045625
0 0.0925 0.50125 0.0875 0.049375
0 0.2275 0.46125 0.06833333333333333 0.036875
0 0.2629166666666667 0.42125 0.04791666666666667 0.0425
0 0.3775 0.413125 0.06333333333333334 0.030625
0 0.2808333333333333 0.350625 0.037083333333333336 0.0225
0 0.15041666666666667 0.43625 0.035 0.0275
0 0.12666666666666668 0.37125 0.03 0.024375