0 0.22791666666666666 0.705625 0.11625 0.08875
0 0.5116666666666667 0.724375 0.20125 0.075625
0 0.6808333333333333 0.488125 0.075 0.091875
0 0.45625 0.508125 0.15083333333333335 0.04375
0 0.44916666666666666 0.438125 0.08166666666666667 0.0525
0 0.32208333333333333 0.415 0.0725 0.03625
0 0.27208333333333334 0.471875 0.11 0.065625
0 0.21583333333333332 0.575625 0.10666666666666667 0.048125
0 0.3491666666666667 0.586875 0.13416666666666666 0.065625
0 0.08458333333333333 0.666875 0.1075 0.065
0 0.8545833333333334 0.63375 0.08958333333333333 0.134375