0 0.7470833333333333 0.71375 0.19041666666666668 0.09125
0 0.8141666666666667 0.47 0.10375 0.088125
0 0.6075 0.489375 0.14125 0.080625
0 0.44708333333333333 0.72875 0.18041666666666667 0.07375
0 0.36 0.595 0.10791666666666666 0.06375
0 0.23708333333333334 0.584375 0.11875 0.05
0 0.20083333333333334 0.6775 0.1325 0.073125
0 0.1075 0.579375 0.11458333333333333 0.040625
0 0.17416666666666666 0.48875 0.09666666666666666 0.040625
0 0.3466666666666667 0.4525 0.07916666666666666 0.025625
0 0.4175 0.408125 0.08916666666666667 0.041875
0 0.5525 0.3975 0.09583333333333334 0.026875
0 0.2966666666666667 0.4275 0.04416666666666667 0.0175
0 0.18875 0.43125 0.056666666666666664 0.024375
0 0.0975 0.435 0.04541666666666667 0.030625