0 0.7016666666666667 0.705625 0.19666666666666666 0.068125
0 0.7945833333333333 0.480625 0.12875 0.055625
0 0.5658333333333333 0.50125 0.08708333333333333 0.058125
0 0.4508333333333333 0.600625 0.14666666666666667 0.065625
0 0.39916666666666667 0.721875 0.13041666666666665 0.071875
0 0.15333333333333332 0.695 0.11041666666666666 0.069375
0 0.24416666666666667 0.51625 0.10416666666666667 0.05625
0 0.30666666666666664 0.411875 0.0775 0.036875
0 0.3545833333333333 0.31875 0.03791666666666667 0.025625
0 0.43083333333333335 0.27 0.06333333333333334 0.0175
0 0.3825 0.5225 0.12083333333333333 0.041875