0 0.53375 0.731875 0.18 0.108125
0 0.6858333333333333 0.50125 0.12 0.0475
0 0.6191666666666666 0.378125 0.07958333333333334 0.054375
0 0.46125 0.3975 0.07125 0.04
0 0.33708333333333335 0.41625 0.0625 0.02875
0 0.37 0.47625 0.08166666666666667 0.0475
0 0.28583333333333333 0.440625 0.04833333333333333 0.06125
0 0.12458333333333334 0.48125 0.06916666666666667 0.0525
0 0.18 0.58125 0.10458333333333333 0.063125
0 0.3070833333333333 0.5875 0.14 0.06
0 0.27458333333333335 0.68125 0.20583333333333334 0.066875
0 0.10583333333333333 0.4425 0.04375 0.024375
0 0.06791666666666667 0.429375 0.032916666666666664 0.025625
0 0.045 0.583125 0.08 0.0525
0 0.865 0.728125 0.17958333333333334 0.083125