0 0.8629166666666667 0.2525 0.04958333333333333 0.054375
0 0.6945833333333333 0.379375 0.09833333333333333 0.044375
0 0.7266666666666667 0.286875 0.06916666666666667 0.04625
0 0.6825 0.233125 0.07125 0.03625
0 0.525 0.265 0.0575 0.025625
0 0.4895833333333333 0.3275 0.050833333333333335 0.023125
0 0.455 0.40375 0.09 0.024375
0 0.44625 0.37125 0.0825 0.024375
0 0.36916666666666664 0.34125 0.0375 0.023125
0 0.32458333333333333 0.381875 0.09625 0.030625
0 0.17541666666666667 0.4725 0.09916666666666667 0.044375
0 0.04833333333333333 0.47625 0.07666666666666666 0.041875
0 0.042916666666666665 0.585 0.07958333333333334 0.048125
0 0.165 0.588125 0.14541666666666667 0.069375