0 0.6170833333333333 0.374375 0.07708333333333334 0.061875
0 0.735 0.373125 0.09541666666666666 0.0425
0 0.84875 0.253125 0.043333333333333335 0.050625
0 0.49041666666666667 0.40125 0.07333333333333333 0.03625
0 0.42625 0.36875 0.06291666666666666 0.034375
0 0.5175 0.31125 0.03333333333333333 0.0425
0 0.38458333333333333 0.33625 0.04625 0.0275
0 0.29083333333333333 0.34 0.0325 0.035
0 0.30583333333333335 0.3875 0.06833333333333333 0.034375
0 0.14541666666666667 0.475 0.07958333333333334 0.0275
0 0.155 0.591875 0.12875 0.058125
0 0.03 0.475625 0.050833333333333335 0.024375