0 0.8245833333333333 0.344375 0.05875 0.063125
0 0.8504166666666667 0.258125 0.035416666666666666 0.051875
0 0.6866666666666666 0.294375 0.06875 0.03125
0 0.5508333333333333 0.35625 0.055 0.0325
0 0.4370833333333333 0.385 0.0675 0.044375
0 0.39 0.338125 0.0475 0.02875
0 0.4325 0.25625 0.04583333333333333 0.0475
0 0.16625 0.383125 0.06833333333333333 0.044375
0 0.07958333333333334 0.4025 0.0425 0.04
0 0.09333333333333334 0.51125 0.095 0.051875
0 0.27125 0.3925 0.07333333333333333 0.029375
0 0.6475 0.241875 0.0375 0.023125
0 0.61 0.275625 0.029166666666666667 0.041875