0 0.13333333333333333 0.4025 0.04666666666666667 0.023125
0 0.03916666666666667 0.521875 0.07416666666666667 0.0475
0 0.3254166666666667 0.349375 0.03791666666666667 0.029375
0 0.3175 0.38125 0.04833333333333333 0.034375
0 0.5 0.375625 0.06666666666666667 0.0475
0 0.6483333333333333 0.348125 0.085 0.033125
0 0.8179166666666666 0.195625 0.06416666666666666 0.04625
0 0.6658333333333334 0.269375 0.04083333333333333 0.024375
0 0.6133333333333333 0.308125 0.06041666666666667 0.0325
0 0.5604166666666667 0.253125 0.04375 0.0325
0 0.21375 0.390625 0.04541666666666667 0.0225