0 0.305 0.608125 0.11083333333333334 0.0525
0 0.16375 0.583125 0.13375 0.055625
0 0.03833333333333333 0.585 0.07291666666666667 0.0475
0 0.06791666666666667 0.481875 0.0475 0.038125
0 0.14833333333333334 0.471875 0.057916666666666665 0.03625
0 0.25958333333333333 0.464375 0.09333333333333334 0.049375
0 0.18375 0.416875 0.0525 0.05375
0 0.34125 0.411875 0.07541666666666667 0.04
0 0.4241666666666667 0.366875 0.0625 0.026875
0 0.42875 0.409375 0.06666666666666667 0.029375
0 0.56375 0.391875 0.08791666666666667 0.029375
0 0.60875 0.306875 0.037083333333333336 0.03625
0 0.48791666666666667 0.33 0.05416666666666667 0.023125
0 0.3883333333333333 0.341875 0.04541666666666667 0.02125
0 0.27875 0.350625 0.051666666666666666 0.024375