0 0.29333333333333333 0.5875 0.1225 0.0675
0 0.12291666666666666 0.5825 0.0875 0.048125
0 0.03375 0.481875 0.05625 0.034375
0 0.23958333333333334 0.46 0.095 0.044375
0 0.24333333333333335 0.425625 0.07083333333333333 0.0275
0 0.34541666666666665 0.405625 0.04375 0.036875
0 0.4266666666666667 0.40625 0.06333333333333334 0.038125
0 0.7691666666666667 0.354375 0.10458333333333333 0.06875
0 0.3283333333333333 0.3425 0.05 0.03125
0 0.35291666666666666 0.28125 0.0475 0.05
0 0.47875 0.263125 0.03 0.0575
0 0.235 0.36 0.05458333333333333 0.0275
0 0.15666666666666668 0.363125 0.04 0.035
0 0.4920833333333333 0.661875 0.12166666666666667 0.05875