0 0.40375 0.375 0.04666666666666667 0.035
0 0.47583333333333333 0.380625 0.07708333333333334 0.04625
0 0.6154166666666666 0.341875 0.0725 0.034375
0 0.645 0.29375 0.052083333333333336 0.04
0 0.7758333333333334 0.27625 0.09125 0.038125
0 0.5504166666666667 0.29375 0.06416666666666666 0.029375
0 0.38375 0.310625 0.03833333333333333 0.041875
0 0.46625 0.256875 0.06625 0.02875
0 0.29833333333333334 0.383125 0.06041666666666667 0.030625
0 0.11416666666666667 0.409375 0.04625 0.03125
0 0.050416666666666665 0.520625 0.08 0.050625
0 0.20625 0.391875 0.0625 0.02875