0 0.14416666666666667 0.6975 0.15416666666666667 0.0575
0 0.22541666666666665 0.48375 0.0775 0.09375
0 0.4141666666666667 0.45375 0.10416666666666667 0.0425
0 0.445 0.504375 0.12833333333333333 0.05625
0 0.6625 0.495 0.14666666666666667 0.038125
0 0.765 0.354375 0.07458333333333333 0.045625
0 0.8175 0.26375 0.06916666666666667 0.05
0 0.7570833333333333 0.21 0.06708333333333333 0.038125
0 0.5879166666666666 0.2775 0.04583333333333333 0.025
0 0.53 0.37375 0.08791666666666667 0.06375
0 0.4191666666666667 0.365625 0.09625 0.029375
0 0.4345833333333333 0.33125 0.04541666666666667 0.025
0 0.40791666666666665 0.304375 0.04958333333333333 0.019375
0 0.3883333333333333 0.2775 0.04416666666666667 0.024375
0 0.295 0.316875 0.03666666666666667 0.0225
0 0.30833333333333335 0.291875 0.0375 0.02125
0 0.23125 0.333125 0.029166666666666667 0.023125