0 0.52 0.715 0.17958333333333334 0.074375
0 0.49291666666666667 0.59375 0.13291666666666666 0.075
0 0.4820833333333333 0.510625 0.14833333333333334 0.06
0 0.6575 0.5075 0.14125 0.06125
0 0.8533333333333334 0.258125 0.03958333333333333 0.045625
0 0.1475 0.52 0.11 0.038125
0 0.09416666666666666 0.679375 0.1175 0.07625
0 0.2475 0.711875 0.14583333333333334 0.079375
0 0.034166666666666665 0.514375 0.06208333333333333 0.04375
0 0.07666666666666666 0.409375 0.03166666666666667 0.024375
0 0.47875 0.308125 0.06916666666666667 0.024375
0 0.6870833333333334 0.29 0.025 0.038125
0 0.35083333333333333 0.320625 0.037083333333333336 0.020625
0 0.4066666666666667 0.271875 0.06291666666666666 0.023125
0 0.2816666666666667 0.33625 0.03125 0.016875
0 0.23583333333333334 0.335625 0.03916666666666667 0.02125