0 0.5866666666666667 0.61 0.15416666666666667 0.063125
0 0.6041666666666666 0.491875 0.14375 0.083125
0 0.4166666666666667 0.50625 0.12083333333333333 0.06375
0 0.40166666666666667 0.711875 0.115 0.07125
0 0.17083333333333334 0.706875 0.08333333333333333 0.069375
0 0.11166666666666666 0.5025 0.07083333333333333 0.0825
0 0.06416666666666666 0.690625 0.060833333333333336 0.059375
0 0.06458333333333334 0.363125 0.022916666666666665 0.035
0 0.15791666666666668 0.338125 0.02875 0.040625
0 0.32625 0.320625 0.037083333333333336 0.03125
0 0.395 0.31875 0.03958333333333333 0.025625
0 0.5025 0.295625 0.06583333333333333 0.04375
0 0.6258333333333334 0.30625 0.037083333333333336 0.026875
0 0.8729166666666667 0.265 0.0325 0.036875