0 0.29375 0.69 0.095 0.091875
0 0.3204166666666667 0.505625 0.09208333333333334 0.0575
0 0.30916666666666665 0.450625 0.09958333333333333 0.049375
0 0.49625 0.4475 0.10375 0.05625
0 0.6025 0.505 0.12125 0.041875
0 0.8295833333333333 0.455 0.1025 0.111875
0 0.7758333333333334 0.3675 0.07333333333333333 0.044375
0 0.6241666666666666 0.379375 0.10666666666666667 0.041875
0 0.505 0.316875 0.055 0.024375
0 0.32458333333333333 0.363125 0.05583333333333333 0.03625
0 0.21291666666666667 0.39125 0.05458333333333333 0.03625
0 0.3745833333333333 0.27125 0.05583333333333333 0.0425