0 0.5354166666666667 0.72875 0.17 0.098125
0 0.26416666666666666 0.73625 0.13375 0.048125
0 0.24958333333333332 0.521875 0.10416666666666667 0.045625
0 0.15041666666666667 0.513125 0.07583333333333334 0.054375
0 0.02875 0.50875 0.0525 0.049375
0 0.04666666666666667 0.68125 0.08666666666666667 0.04625
0 0.29375 0.386875 0.07833333333333334 0.030625
0 0.4266666666666667 0.49125 0.1375 0.054375
0 0.6225 0.30625 0.055 0.034375
0 0.7579166666666667 0.275625 0.04833333333333333 0.065625
0 0.7020833333333333 0.22 0.07166666666666667 0.0325
0 0.4870833333333333 0.303125 0.05375 0.026875
0 0.41083333333333333 0.341875 0.030833333333333334 0.025
0 0.39916666666666667 0.309375 0.037083333333333336 0.0225
0 0.30333333333333334 0.27625 0.042083333333333334 0.061875
0 0.31166666666666665 0.326875 0.0575 0.024375
0 0.21 0.295 0.03958333333333333 0.02875