0 0.43291666666666667 0.731875 0.16333333333333333 0.061875
0 0.21416666666666667 0.726875 0.15666666666666668 0.051875
0 0.19208333333333333 0.5025 0.05583333333333333 0.083125
0 0.1075 0.50875 0.06708333333333333 0.075
0 0.36666666666666664 0.49625 0.16166666666666665 0.063125
0 0.23916666666666667 0.40125 0.06041666666666667 0.034375
0 0.31916666666666665 0.3775 0.04125 0.029375
0 0.33541666666666664 0.316875 0.03125 0.0275
0 0.3670833333333333 0.346875 0.03791666666666667 0.023125
0 0.4870833333333333 0.255625 0.025416666666666667 0.03125
0 0.5716666666666667 0.3025 0.052083333333333336 0.048125
0 0.6329166666666667 0.2775 0.037083333333333336 0.0275
0 0.6933333333333334 0.3 0.04666666666666667 0.0275
0 0.17833333333333334 0.38875 0.025833333333333333 0.03125