0 0.62625 0.739375 0.19958333333333333 0.0825
0 0.8745833333333334 0.614375 0.13291666666666666 0.0975
0 0.665 0.475 0.15458333333333332 0.101875
0 0.43583333333333335 0.51375 0.14 0.055625
0 0.29125 0.496875 0.12583333333333332 0.115625
0 0.22375 0.701875 0.17416666666666666 0.066875
0 0.06916666666666667 0.685625 0.06625 0.065625
0 0.032916666666666664 0.516875 0.0375 0.050625
0 0.3745833333333333 0.316875 0.032916666666666664 0.023125
0 0.31833333333333336 0.325625 0.0375 0.0175
0 0.3329166666666667 0.375625 0.02125 0.049375
0 0.45375 0.305 0.03791666666666667 0.02875
0 0.5858333333333333 0.270625 0.035 0.044375
0 0.7741666666666667 0.275625 0.045 0.049375