0 0.7275 0.7025 0.165 0.048125
0 0.48583333333333334 0.736875 0.23958333333333334 0.086875
0 0.5525 0.4825 0.11291666666666667 0.074375
0 0.3425 0.520625 0.14125 0.04625
0 0.22333333333333333 0.51375 0.07583333333333334 0.05
0 0.135 0.6975 0.13125 0.066875
0 0.6879166666666666 0.291875 0.06875 0.041875
0 0.8158333333333333 0.274375 0.07333333333333333 0.029375
0 0.5320833333333334 0.3 0.06291666666666666 0.035
0 0.6066666666666667 0.24375 0.04375 0.0325
0 0.46708333333333335 0.334375 0.04958333333333333 0.024375
0 0.40708333333333335 0.26125 0.056666666666666664 0.044375