0 0.4191666666666667 0.730625 0.17625 0.080625
0 0.49083333333333334 0.48375 0.13 0.07125
0 0.31166666666666665 0.519375 0.12833333333333333 0.044375
0 0.19583333333333333 0.51625 0.07583333333333334 0.050625
0 0.07458333333333333 0.694375 0.10166666666666667 0.068125
0 0.23083333333333333 0.385 0.035 0.026875
0 0.44625 0.336875 0.035416666666666666 0.030625
0 0.4475 0.31 0.03958333333333333 0.01875
0 0.7883333333333333 0.280625 0.07125 0.029375
0 0.165 0.34 0.0375 0.03625
0 0.6375 0.716875 0.17541666666666667 0.09125