0 0.36875 0.699375 0.17333333333333334 0.09625
0 0.37041666666666667 0.50375 0.10083333333333333 0.044375
0 0.4675 0.43875 0.05583333333333333 0.0725
0 0.5054166666666666 0.386875 0.04541666666666667 0.03125
0 0.4525 0.355 0.065 0.02125
0 0.5754166666666667 0.340625 0.058333333333333334 0.0275
0 0.6633333333333333 0.37875 0.07458333333333333 0.033125
0 0.8220833333333334 0.355625 0.06625 0.05
0 0.6633333333333333 0.4975 0.15083333333333335 0.051875
0 0.29083333333333333 0.461875 0.1025 0.0525
0 0.17541666666666667 0.708125 0.08791666666666667 0.038125
0 0.19458333333333333 0.391875 0.04958333333333333 0.03125
0 0.33625 0.3175 0.051666666666666666 0.020625
0 0.22708333333333333 0.32875 0.025 0.020625
0 0.3229166666666667 0.3725 0.07416666666666667 0.03125
0 0.8758333333333334 0.451875 0.08833333333333333 0.08625