0 0.5545833333333333 0.6 0.20416666666666666 0.074375
0 0.6295833333333334 0.51 0.10583333333333333 0.04
0 0.44416666666666665 0.495625 0.1325 0.074375
0 0.43416666666666665 0.709375 0.15458333333333332 0.07875
0 0.2175 0.708125 0.16791666666666666 0.065625
0 0.06833333333333333 0.6775 0.07166666666666667 0.063125
0 0.1275 0.520625 0.09625 0.04625
0 0.012916666666666667 0.50875 0.024166666666666666 0.0525
0 0.37625 0.32 0.05458333333333333 0.02125
0 0.42333333333333334 0.2675 0.0325 0.0275
0 0.48791666666666667 0.290625 0.0375 0.0425
0 0.645 0.3025 0.052083333333333336 0.0275
0 0.8679166666666667 0.25625 0.03375 0.0525