0 0.3883333333333333 0.71625 0.14 0.080625
0 0.16208333333333333 0.71875 0.09291666666666666 0.04625
0 0.18083333333333335 0.530625 0.07583333333333334 0.035
0 0.08083333333333333 0.52125 0.07041666666666667 0.044375
0 0.3304166666666667 0.49625 0.14208333333333334 0.06125
0 0.20416666666666666 0.388125 0.049166666666666664 0.0275
0 0.3304166666666667 0.38 0.025416666666666667 0.02875
0 0.35875 0.31875 0.03375 0.025625
0 0.555 0.321875 0.03666666666666667 0.02125
0 0.67375 0.291875 0.04416666666666667 0.0425
0 0.52125 0.254375 0.0525 0.033125
0 0.3595833333333333 0.276875 0.056666666666666664 0.029375