0 0.5908333333333333 0.7325 0.21333333333333335 0.103125
0 0.8008333333333333 0.479375 0.11708333333333333 0.0575
0 0.8695833333333334 0.25625 0.029583333333333333 0.0425
0 0.6670833333333334 0.27875 0.05333333333333334 0.035
0 0.335 0.500625 0.10583333333333333 0.07125
0 0.38666666666666666 0.58125 0.11625 0.06875
0 0.3545833333333333 0.715 0.17416666666666666 0.0675
0 0.255 0.594375 0.105 0.05
0 0.165 0.516875 0.08916666666666667 0.049375
0 0.13125 0.700625 0.14375 0.0775
0 0.05708333333333333 0.425625 0.02125 0.0425
0 0.20083333333333334 0.3425 0.03166666666666667 0.0225
0 0.25833333333333336 0.32875 0.025833333333333333 0.036875
0 0.3383333333333333 0.320625 0.029583333333333333 0.0325