0 0.66875 0.481875 0.13958333333333334 0.07125
0 0.5870833333333333 0.72375 0.15333333333333332 0.123125
0 0.2808333333333333 0.5975 0.15458333333333332 0.069375
0 0.15 0.58375 0.08958333333333333 0.03625
0 0.23291666666666666 0.4675 0.0725 0.0275
0 0.3591666666666667 0.4575 0.12041666666666667 0.03125
0 0.2941666666666667 0.424375 0.065 0.020625
0 0.17583333333333334 0.42625 0.052083333333333336 0.030625
0 0.095 0.488125 0.09541666666666666 0.04375
0 0.555 0.286875 0.052083333333333336 0.03125
0 0.365 0.3125 0.024583333333333332 0.030625
0 0.26 0.2975 0.052083333333333336 0.041875