0 0.7675 0.734375 0.11833333333333333 0.10375
0 0.79 0.473125 0.095 0.079375
0 0.7254166666666667 0.225625 0.04541666666666667 0.026875
0 0.40541666666666665 0.286875 0.04125 0.0175
0 0.5016666666666667 0.386875 0.12291666666666666 0.051875
0 0.34208333333333335 0.410625 0.08916666666666667 0.0475
0 0.37583333333333335 0.474375 0.0975 0.04625
0 0.26666666666666666 0.474375 0.07583333333333334 0.036875
0 0.19 0.586875 0.12875 0.083125
0 0.3466666666666667 0.615 0.09125 0.03875
0 0.16708333333333333 0.475 0.1 0.035
0 0.22875 0.431875 0.05875 0.023125
0 0.31333333333333335 0.295 0.03 0.0325
0 0.105 0.341875 0.020416666666666666 0.048125
0 0.030833333333333334 0.486875 0.05333333333333334 0.026875
0 0.025416666666666667 0.42625 0.028333333333333332 0.03625
0 0.06875 0.5675 0.0875 0.036875