0 0.22791666666666666 0.6025 0.0975 0.065625
0 0.11625 0.583125 0.10083333333333333 0.063125
0 0.09458333333333334 0.475625 0.04833333333333333 0.05
0 0.22833333333333333 0.46 0.09666666666666666 0.051875
0 0.395 0.406875 0.04833333333333333 0.061875
0 0.36583333333333334 0.495625 0.10625 0.0425
0 0.5383333333333333 0.398125 0.10041666666666667 0.0425
0 0.6845833333333333 0.375625 0.085 0.04375
0 0.7245833333333334 0.213125 0.05458333333333333 0.054375
0 0.5895833333333333 0.249375 0.07583333333333334 0.0275
0 0.37833333333333335 0.28125 0.049166666666666664 0.0425
0 0.26916666666666667 0.32625 0.042083333333333334 0.034375
0 0.12875 0.341875 0.03333333333333333 0.03125