0 0.34875 0.613125 0.16083333333333333 0.045625
0 0.20208333333333334 0.57875 0.11875 0.065
0 0.07041666666666667 0.5975 0.105 0.05
0 0.14375 0.48125 0.07083333333333333 0.048125
0 0.23125 0.41875 0.07916666666666666 0.041875
0 0.05333333333333334 0.36 0.035 0.023125
0 0.09291666666666666 0.420625 0.07958333333333334 0.0325
0 0.23458333333333334 0.341875 0.03916666666666667 0.02125
0 0.24666666666666667 0.3 0.030833333333333334 0.0425
0 0.3933333333333333 0.284375 0.07125 0.01875
0 0.465 0.40625 0.09083333333333334 0.025
0 0.6629166666666667 0.365 0.12041666666666667 0.051875
0 0.5829166666666666 0.68125 0.12833333333333333 0.0475
0 0.014166666666666666 0.43 0.0275 0.04375
0 0.015 0.38125 0.023333333333333334 0.0325