0 0.16833333333333333 0.60625 0.12583333333333332 0.04625
0 0.044583333333333336 0.5625 0.08291666666666667 0.054375
0 0.13291666666666666 0.466875 0.06916666666666667 0.04625
0 0.15125 0.4325 0.050416666666666665 0.029375
0 0.23708333333333334 0.4625 0.09375 0.065625
0 0.24916666666666668 0.413125 0.06583333333333333 0.050625
0 0.35875 0.41625 0.10458333333333333 0.0325
0 0.39458333333333334 0.46625 0.09125 0.02875
0 0.5329166666666667 0.390625 0.12708333333333333 0.033125
0 0.79125 0.46875 0.11708333333333333 0.104375
0 0.8279166666666666 0.686875 0.11083333333333334 0.086875
0 0.7516666666666667 0.219375 0.0525 0.03875
0 0.4295833333333333 0.2725 0.042083333333333334 0.041875
0 0.4775 0.299375 0.04375 0.03625
0 0.2225 0.33625 0.03333333333333333 0.016875
0 0.295 0.329375 0.03 0.02125
0 0.31 0.604375 0.09708333333333333 0.06