0 0.23375 0.585625 0.10875 0.076875
0 0.3129166666666667 0.5125 0.09833333333333333 0.034375
0 0.3175 0.466875 0.10666666666666667 0.03625
0 0.495 0.450625 0.08791666666666667 0.025625
0 0.5341666666666667 0.50875 0.08166666666666667 0.0525
0 0.6295833333333334 0.728125 0.18416666666666667 0.065625
0 0.8266666666666667 0.485 0.15791666666666668 0.0475
0 0.3416666666666667 0.699375 0.16291666666666665 0.09
0 0.44 0.611875 0.11833333333333333 0.05625
0 0.13916666666666666 0.709375 0.12166666666666667 0.0575
0 0.10375 0.583125 0.11041666666666666 0.044375
0 0.055 0.418125 0.029583333333333333 0.026875
0 0.14416666666666667 0.348125 0.032916666666666664 0.0225
0 0.5466666666666666 0.284375 0.025 0.035