0 0.7191666666666666 0.729375 0.15208333333333332 0.098125
0 0.7191666666666666 0.49125 0.16 0.054375
0 0.4266666666666667 0.456875 0.07958333333333334 0.061875
0 0.48 0.370625 0.0625 0.091875
0 0.315 0.41 0.07166666666666667 0.0575
0 0.30416666666666664 0.466875 0.10333333333333333 0.033125
0 0.22458333333333333 0.59625 0.13125 0.070625
0 0.08708333333333333 0.571875 0.11 0.049375
0 0.05291666666666667 0.485625 0.07333333333333333 0.049375
0 0.12291666666666666 0.428125 0.03 0.0475
0 0.11666666666666667 0.354375 0.03 0.03125
0 0.019166666666666665 0.445 0.029166666666666667 0.025
0 0.19458333333333333 0.469375 0.08916666666666667 0.020625
0 0.22083333333333333 0.43 0.06666666666666667 0.02125
0 0.2525 0.333125 0.03333333333333333 0.0225
0 0.32875 0.320625 0.0425 0.024375
0 0.6941666666666667 0.23125 0.07083333333333333 0.020625