0 0.7808333333333334 0.216875 0.07 0.030625
0 0.14958333333333335 0.601875 0.10041666666666667 0.051875
0 0.23125 0.473125 0.0925 0.0425
0 0.37166666666666665 0.4675 0.07125 0.035
0 0.3929166666666667 0.414375 0.08291666666666667 0.02875
0 0.2708333333333333 0.42125 0.09083333333333334 0.025625
0 0.175 0.42625 0.04583333333333333 0.0325
0 0.04541666666666667 0.421875 0.035416666666666666 0.026875
0 0.0775 0.428125 0.025833333333333333 0.038125
0 0.03875 0.5775 0.06708333333333333 0.034375
0 0.285 0.3275 0.03791666666666667 0.03125
0 0.19458333333333333 0.30625 0.04125 0.03875
0 0.345 0.29625 0.04666666666666667 0.0225
0 0.5633333333333334 0.3925 0.11458333333333333 0.044375