0 0.8325 0.476875 0.1 0.0925
0 0.7316666666666667 0.72125 0.15583333333333332 0.0925
0 0.5479166666666667 0.503125 0.1625 0.065625
0 0.6195833333333334 0.2775 0.0475 0.034375
0 0.5591666666666667 0.261875 0.042083333333333334 0.026875
0 0.4191666666666667 0.724375 0.08958333333333333 0.070625
0 0.3775 0.6125 0.0975 0.0525
0 0.22416666666666665 0.563125 0.11833333333333333 0.090625
0 0.050416666666666665 0.57875 0.08916666666666667 0.036875
0 0.1475 0.474375 0.06875 0.045625
0 0.23125 0.4175 0.05416666666666667 0.040625
0 0.30666666666666664 0.44375 0.042083333333333334 0.065625
0 0.39416666666666667 0.404375 0.07125 0.044375
0 0.2966666666666667 0.30125 0.04375 0.019375
0 0.18083333333333335 0.345625 0.0475 0.035
0 0.21291666666666667 0.310625 0.02666666666666667 0.034375