0 0.245 0.595625 0.13708333333333333 0.065625
0 0.09791666666666667 0.59 0.12583333333333332 0.07875
0 0.19958333333333333 0.469375 0.0925 0.0575
0 0.09833333333333333 0.475625 0.06291666666666666 0.036875
0 0.08375 0.4375 0.029166666666666667 0.025
0 0.04666666666666667 0.385 0.032916666666666664 0.025
0 0.15916666666666668 0.363125 0.04375 0.041875
0 0.18958333333333333 0.333125 0.029166666666666667 0.03625
0 0.29791666666666666 0.423125 0.105 0.029375
0 0.41083333333333333 0.3975 0.07291666666666667 0.06375
0 0.37125 0.273125 0.03375 0.063125
0 0.4666666666666667 0.2725 0.052083333333333336 0.026875
0 0.5808333333333333 0.3775 0.095 0.0575
0 0.805 0.216875 0.06666666666666667 0.038125