0 0.5025 0.73 0.2025 0.0825
0 0.5658333333333333 0.500625 0.09791666666666667 0.065625
0 0.7529166666666667 0.698125 0.15458333333333332 0.093125
0 0.3308333333333333 0.61125 0.13791666666666666 0.048125
0 0.19625 0.56375 0.11 0.08875
0 0.13333333333333333 0.475625 0.10083333333333333 0.05
0 0.24958333333333332 0.405 0.049166666666666664 0.05625
0 0.3016666666666667 0.45875 0.09583333333333334 0.045625
0 0.39458333333333334 0.455625 0.07041666666666667 0.051875
0 0.3204166666666667 0.325 0.042083333333333334 0.020625
0 0.3233333333333333 0.285 0.035 0.048125