0 0.7933333333333333 0.6525 0.10333333333333333 0.119375
0 0.7216666666666667 0.46875 0.10666666666666667 0.1
0 0.44166666666666665 0.50625 0.11041666666666666 0.075
0 0.345 0.4275 0.08166666666666667 0.06875
0 0.21833333333333332 0.504375 0.12083333333333333 0.06125
0 0.2991666666666667 0.588125 0.15041666666666667 0.0675
0 0.15458333333333332 0.583125 0.07708333333333334 0.05
0 0.07041666666666667 0.69375 0.065 0.063125
0 0.2725 0.70625 0.09666666666666666 0.088125
0 0.08666666666666667 0.436875 0.051666666666666666 0.026875
0 0.21625 0.338125 0.02875 0.0275
0 0.2966666666666667 0.331875 0.0425 0.034375