0 0.09958333333333333 0.586875 0.10041666666666667 0.044375
0 0.21833333333333332 0.593125 0.11666666666666667 0.049375
0 0.3275 0.46 0.07291666666666667 0.0525
0 0.42875 0.41125 0.10166666666666667 0.036875
0 0.5895833333333333 0.390625 0.09916666666666667 0.036875
0 0.7808333333333334 0.34625 0.11416666666666667 0.0575
0 0.6045833333333334 0.2475 0.06291666666666666 0.030625
0 0.18375 0.42625 0.06875 0.034375
0 0.20458333333333334 0.4725 0.05 0.03875
0 0.044583333333333336 0.48375 0.06833333333333333 0.04
0 0.17833333333333334 0.345625 0.03125 0.020625
0 0.3304166666666667 0.326875 0.03166666666666667 0.01875