0 0.12625 0.59375 0.12333333333333334 0.0825
0 0.2841666666666667 0.4725 0.08333333333333333 0.0675
0 0.2995833333333333 0.400625 0.045 0.0475
0 0.3625 0.4025 0.05333333333333334 0.050625
0 0.6533333333333333 0.383125 0.0775 0.03875
0 0.8279166666666666 0.348125 0.0725 0.05375
0 0.8108333333333333 0.206875 0.0475 0.02875
0 0.7025 0.233125 0.06333333333333334 0.020625
0 0.3204166666666667 0.3 0.03125 0.016875
0 0.22041666666666668 0.328125 0.032916666666666664 0.023125
0 0.15041666666666667 0.465 0.051666666666666666 0.029375
0 0.20083333333333334 0.425625 0.03958333333333333 0.02875
0 0.07166666666666667 0.383125 0.027083333333333334 0.025
0 0.13666666666666666 0.37375 0.03333333333333333 0.023125