0 0.6991666666666667 0.715 0.18708333333333332 0.075625
0 0.3725 0.713125 0.16708333333333333 0.0725
0 0.15708333333333332 0.693125 0.11541666666666667 0.069375
0 0.22333333333333333 0.5875 0.1425 0.07875
0 0.08458333333333333 0.579375 0.10666666666666667 0.04625
0 0.32166666666666666 0.50625 0.10083333333333333 0.07125
0 0.2920833333333333 0.454375 0.10458333333333333 0.0575
0 0.485 0.43875 0.08833333333333333 0.055625
0 0.5579166666666666 0.50875 0.14125 0.0525
0 0.41208333333333336 0.60625 0.12833333333333333 0.0575
0 0.8608333333333333 0.470625 0.10333333333333333 0.091875
0 0.13916666666666666 0.43 0.06166666666666667 0.019375
0 0.25333333333333335 0.3275 0.03333333333333333 0.036875
0 0.43291666666666667 0.27875 0.050416666666666665 0.025625
0 0.5325 0.2975 0.03791666666666667 0.024375