0 0.215 0.591875 0.12125 0.054375
0 0.08208333333333333 0.596875 0.12041666666666667 0.061875
0 0.3104166666666667 0.4125 0.058333333333333334 0.041875
0 0.43083333333333335 0.388125 0.07083333333333333 0.075625
0 0.8183333333333334 0.198125 0.06208333333333333 0.051875
0 0.40458333333333335 0.316875 0.021666666666666667 0.0275
0 0.24833333333333332 0.335625 0.03333333333333333 0.019375
0 0.18 0.358125 0.04416666666666667 0.03125
0 0.20916666666666667 0.43125 0.058333333333333334 0.034375
0 0.17416666666666666 0.48125 0.09541666666666666 0.040625
0 0.08833333333333333 0.471875 0.07041666666666667 0.045625
0 0.08583333333333333 0.426875 0.060833333333333336 0.035
0 0.37916666666666665 0.619375 0.12333333333333334 0.048125
0 0.31416666666666665 0.484375 0.10583333333333333 0.055625