0 0.5575 0.73125 0.13166666666666665 0.090625
0 0.5891666666666666 0.4825 0.1375 0.094375
0 0.31375 0.608125 0.11083333333333334 0.045625
0 0.16625 0.579375 0.13583333333333333 0.04625
0 0.11458333333333333 0.47875 0.0875 0.025625
0 0.07541666666666667 0.43375 0.05458333333333333 0.04
0 0.2625 0.468125 0.08541666666666667 0.034375
0 0.39208333333333334 0.454375 0.14416666666666667 0.058125
0 0.40625 0.391875 0.075 0.051875
0 0.2608333333333333 0.425625 0.09166666666666666 0.019375
0 0.6279166666666667 0.2475 0.065 0.026875
0 0.8429166666666666 0.680625 0.1025 0.101875