0 0.27166666666666667 0.70875 0.14333333333333334 0.06
0 0.07041666666666667 0.6725 0.1025 0.05
0 0.5233333333333333 0.69875 0.22 0.073125
0 0.4554166666666667 0.499375 0.11625 0.044375
0 0.39416666666666667 0.44375 0.0875 0.05
0 0.22458333333333333 0.466875 0.1175 0.040625
0 0.25166666666666665 0.37 0.06291666666666666 0.050625
0 0.29 0.32125 0.04833333333333333 0.020625
0 0.19375 0.325625 0.03958333333333333 0.034375
0 0.13708333333333333 0.339375 0.03 0.0325
0 0.15208333333333332 0.391875 0.0575 0.025625
0 0.5091666666666667 0.345625 0.07875 0.03875
0 0.45458333333333334 0.263125 0.03916666666666667 0.035
0 0.55875 0.25625 0.032916666666666664 0.015625
0 0.5966666666666667 0.29625 0.0425 0.044375
0 0.7645833333333333 0.365625 0.08666666666666667 0.036875
0 0.7933333333333333 0.488125 0.13708333333333333 0.058125