0 0.5670833333333334 0.705 0.13958333333333334 0.095625
0 0.3016666666666667 0.713125 0.08916666666666667 0.051875
0 0.09041666666666667 0.669375 0.06916666666666667 0.070625
0 0.20041666666666666 0.46875 0.10041666666666667 0.051875
0 0.37583333333333335 0.44625 0.07041666666666667 0.040625
0 0.48541666666666666 0.50625 0.13833333333333334 0.0475
0 0.8379166666666666 0.469375 0.08416666666666667 0.098125
0 0.8083333333333333 0.364375 0.07291666666666667 0.04
0 0.6975 0.265 0.0375 0.0325
0 0.5745833333333333 0.24375 0.05 0.033125
0 0.63 0.303125 0.037083333333333336 0.02125
0 0.48583333333333334 0.34 0.057916666666666665 0.04625
0 0.37666666666666665 0.3625 0.07583333333333334 0.025
0 0.2475 0.3775 0.057916666666666665 0.0275
0 0.13833333333333334 0.379375 0.035833333333333335 0.0425