0 0.19666666666666666 0.5925 0.13 0.04625
0 0.08291666666666667 0.585 0.08916666666666667 0.050625
0 0.04541666666666667 0.48375 0.06291666666666666 0.03625
0 0.17875 0.413125 0.06333333333333334 0.04
0 0.30916666666666665 0.446875 0.09583333333333334 0.065625
0 0.325 0.418125 0.059166666666666666 0.041875
0 0.4483333333333333 0.408125 0.08166666666666667 0.024375
0 0.6029166666666667 0.39 0.09541666666666666 0.036875
0 0.8116666666666666 0.345 0.085 0.0475
0 0.6483333333333333 0.234375 0.03166666666666667 0.035
0 0.3283333333333333 0.294375 0.03333333333333333 0.03125
0 0.21166666666666667 0.32 0.041666666666666664 0.019375
0 0.16416666666666666 0.34 0.025 0.0225
0 0.08083333333333333 0.44 0.0375 0.024375