0 0.6308333333333334 0.383125 0.10625 0.0425
0 0.7129166666666666 0.279375 0.035 0.050625
0 0.5491666666666667 0.3125 0.065 0.02875
0 0.44625 0.35375 0.08416666666666667 0.048125
0 0.37916666666666665 0.258125 0.03333333333333333 0.051875
0 0.47833333333333333 0.26 0.035833333333333335 0.024375
0 0.31625 0.36 0.02666666666666667 0.050625
0 0.22541666666666665 0.3975 0.04666666666666667 0.024375
0 0.15458333333333332 0.365 0.035 0.02875
0 0.07416666666666667 0.384375 0.03333333333333333 0.0225
0 0.032916666666666664 0.36375 0.024166666666666666 0.016875