0 0.605 0.701875 0.17958333333333334 0.066875
0 0.3645833333333333 0.735 0.18875 0.06
0 0.06958333333333333 0.689375 0.06708333333333333 0.061875
0 0.15166666666666667 0.515 0.07833333333333334 0.054375
0 0.28458333333333335 0.5 0.09541666666666666 0.0725
0 0.44458333333333333 0.385625 0.05375 0.038125
0 0.45916666666666667 0.3325 0.03916666666666667 0.024375
0 0.5879166666666666 0.30625 0.03666666666666667 0.04625
0 0.70875 0.288125 0.08791666666666667 0.036875
0 0.24791666666666667 0.358125 0.049166666666666664 0.023125
0 0.19458333333333333 0.394375 0.05375 0.029375
0 0.11041666666666666 0.385 0.052083333333333336 0.061875
0 0.37958333333333333 0.279375 0.04541666666666667 0.0325