0 0.07625 0.59375 0.09416666666666666 0.0475
0 0.10875 0.47125 0.08833333333333333 0.036875
0 0.23375 0.4725 0.10208333333333333 0.038125
0 0.24458333333333335 0.410625 0.04 0.0525
0 0.33708333333333335 0.399375 0.055 0.040625
0 0.40875 0.41 0.06333333333333334 0.034375
0 0.5579166666666666 0.39375 0.07333333333333333 0.035
0 0.7404166666666666 0.35875 0.06 0.04375
0 0.7591666666666667 0.21375 0.032916666666666664 0.051875
0 0.43291666666666667 0.254375 0.04 0.04375
0 0.34833333333333333 0.29375 0.050833333333333335 0.016875
0 0.215 0.3275 0.020416666666666666 0.034375
0 0.07666666666666666 0.420625 0.04791666666666667 0.054375