0 0.18583333333333332 0.72 0.15708333333333332 0.055
0 0.1025 0.513125 0.085 0.045625
0 0.22916666666666666 0.390625 0.0575 0.036875
0 0.31875 0.360625 0.045 0.080625
0 0.39875 0.34 0.0475 0.024375
0 0.37125 0.283125 0.05375 0.019375
0 0.2708333333333333 0.28375 0.0625 0.041875
0 0.6808333333333333 0.293125 0.05458333333333333 0.045625
0 0.85125 0.255625 0.056666666666666664 0.0425
0 0.4504166666666667 0.36875 0.0725 0.025625
0 0.5141666666666667 0.323125 0.05875 0.036875
0 0.060833333333333336 0.705 0.08333333333333333 0.036875