0 0.7295833333333334 0.504375 0.11416666666666667 0.070625
0 0.885 0.31125 0.02666666666666667 0.070625
0 0.8004166666666667 0.27375 0.07458333333333333 0.02875
0 0.4483333333333333 0.705625 0.15 0.088125
0 0.22166666666666668 0.704375 0.12208333333333334 0.09
0 0.1375 0.573125 0.09666666666666666 0.063125
0 0.26458333333333334 0.58 0.12 0.07125
0 0.2975 0.5275 0.12541666666666668 0.033125
0 0.07666666666666666 0.516875 0.08583333333333333 0.048125
0 0.04416666666666667 0.404375 0.0375 0.0225
0 0.1375 0.399375 0.045 0.023125
0 0.20541666666666666 0.304375 0.035833333333333335 0.050625
0 0.37333333333333335 0.314375 0.05 0.030625
0 0.5279166666666667 0.328125 0.051666666666666666 0.023125
0 0.5958333333333333 0.274375 0.05333333333333334 0.041875
0 0.04 0.684375 0.08 0.06625