0 0.55375 0.73 0.1375 0.100625
0 0.7775 0.486875 0.10625 0.094375
0 0.8754166666666666 0.30625 0.03375 0.05375
0 0.7375 0.2125 0.05333333333333334 0.04
0 0.7975 0.28375 0.06875 0.023125
0 0.42083333333333334 0.33875 0.03833333333333333 0.0225
0 0.40625 0.51125 0.125 0.044375
0 0.34791666666666665 0.448125 0.09583333333333334 0.059375
0 0.20083333333333334 0.485 0.12083333333333333 0.055625
0 0.27875 0.5875 0.13416666666666666 0.06375
0 0.12958333333333333 0.569375 0.12875 0.0725
0 0.32666666666666666 0.29625 0.0475 0.029375
0 0.41791666666666666 0.289375 0.06 0.015625
0 0.37958333333333333 0.315 0.035416666666666666 0.03125