0 0.6225 0.738125 0.18041666666666667 0.076875
0 0.44125 0.499375 0.14583333333333334 0.04625
0 0.23958333333333334 0.6975 0.15125 0.0725
0 0.06833333333333333 0.68125 0.060833333333333336 0.0525
0 0.12333333333333334 0.4025 0.04666666666666667 0.029375
0 0.19458333333333333 0.391875 0.04416666666666667 0.03875
0 0.45125 0.3325 0.03375 0.0275
0 0.55625 0.315 0.052083333333333336 0.0325
0 0.73 0.295 0.04125 0.025
0 0.85875 0.265 0.0375 0.03125
0 0.8525 0.323125 0.04791666666666667 0.065
0 0.40875 0.27375 0.056666666666666664 0.034375
0 0.32083333333333336 0.396875 0.04791666666666667 0.038125
0 0.3283333333333333 0.351875 0.037083333333333336 0.03125