0 0.3225 0.698125 0.18416666666666667 0.074375
0 0.1 0.685 0.11583333333333333 0.070625
0 0.0775 0.515 0.07833333333333334 0.06375
0 0.20791666666666667 0.50625 0.1025 0.06875
0 0.3225 0.5125 0.1 0.07125
0 0.51625 0.488125 0.15166666666666667 0.0775
0 0.8645833333333334 0.329375 0.045 0.06375
0 0.85125 0.256875 0.06291666666666666 0.049375
0 0.7908333333333334 0.283125 0.050833333333333335 0.0225
0 0.65125 0.255625 0.0475 0.070625
0 0.3616666666666667 0.3475 0.04083333333333333 0.025625
0 0.4058333333333333 0.370625 0.06041666666666667 0.026875
0 0.29291666666666666 0.401875 0.07125 0.036875
0 0.2725 0.356875 0.0425 0.023125
0 0.2275 0.38375 0.043333333333333335 0.02875
0 0.0875 0.388125 0.055 0.051875
0 0.7454166666666666 0.694375 0.185 0.08625