0 0.6995833333333333 0.71375 0.17 0.083125
0 0.8133333333333334 0.4525 0.08666666666666667 0.10375
0 0.8758333333333334 0.316875 0.0325 0.05
0 0.41291666666666665 0.51 0.11333333333333333 0.058125
0 0.4066666666666667 0.7125 0.15791666666666668 0.096875
0 0.48875 0.613125 0.10458333333333333 0.0575
0 0.5870833333333333 0.504375 0.13833333333333334 0.0575
0 0.3575 0.58125 0.12083333333333333 0.0525
0 0.13791666666666666 0.685 0.12583333333333332 0.0725
0 0.10791666666666666 0.524375 0.06416666666666666 0.050625
0 0.11208333333333333 0.374375 0.035833333333333335 0.026875
0 0.0675 0.4 0.03666666666666667 0.03875
0 0.2629166666666667 0.388125 0.0525 0.0275
0 0.48875 0.330625 0.030833333333333334 0.01875
0 0.5008333333333334 0.303125 0.049166666666666664 0.023125
0 0.64625 0.3 0.06833333333333333 0.035
0 0.7904166666666667 0.28125 0.06833333333333333 0.024375