0 0.7254166666666667 0.469375 0.13708333333333333 0.066875
0 0.58 0.7175 0.16916666666666666 0.115625
0 0.3883333333333333 0.591875 0.10166666666666667 0.0825
0 0.30291666666666667 0.71125 0.155 0.08125
0 0.06916666666666667 0.688125 0.0625 0.066875
0 0.36625 0.5 0.09416666666666666 0.08125
0 0.50875 0.504375 0.12666666666666668 0.049375
0 0.8620833333333333 0.310625 0.04 0.0475
0 0.7391666666666666 0.293125 0.06208333333333333 0.025
0 0.5366666666666666 0.285 0.04083333333333333 0.041875
0 0.3854166666666667 0.32 0.052083333333333336 0.026875
0 0.27875 0.291875 0.03958333333333333 0.020625
0 0.18083333333333335 0.30625 0.029583333333333333 0.026875
0 0.1725 0.389375 0.03958333333333333 0.019375
0 0.3070833333333333 0.378125 0.0475 0.034375
0 0.07125 0.54 0.08333333333333333 0.03875