0 0.7416666666666667 0.6875 0.18541666666666667 0.0825
0 0.6429166666666667 0.496875 0.13583333333333333 0.065625
0 0.8791666666666667 0.31625 0.03833333333333333 0.0475
0 0.8141666666666667 0.276875 0.06416666666666666 0.035
0 0.67125 0.303125 0.0725 0.023125
0 0.405 0.345625 0.04541666666666667 0.016875
0 0.46708333333333335 0.51125 0.10083333333333333 0.059375
0 0.4716666666666667 0.606875 0.1325 0.065625
0 0.455 0.715625 0.20791666666666667 0.08125
0 0.3204166666666667 0.58125 0.125 0.061875
0 0.12333333333333334 0.52875 0.10208333333333333 0.0425
0 0.16041666666666668 0.695625 0.08541666666666667 0.074375
0 0.24208333333333334 0.388125 0.03916666666666667 0.024375
0 0.8441666666666666 0.44625 0.058333333333333334 0.114375