0 0.37916666666666665 0.713125 0.15083333333333335 0.08125
0 0.73625 0.716875 0.16083333333333333 0.075
0 0.6575 0.479375 0.10166666666666667 0.104375
0 0.8308333333333333 0.460625 0.11458333333333333 0.108125
0 0.8841666666666667 0.315 0.035416666666666666 0.085
0 0.7866666666666666 0.28 0.06625 0.041875
0 0.6266666666666667 0.31125 0.04375 0.040625
0 0.4379166666666667 0.50875 0.14791666666666667 0.073125
0 0.26458333333333334 0.515 0.0925 0.06375
0 0.2966666666666667 0.584375 0.1375 0.048125
0 0.15791666666666668 0.583125 0.11625 0.04625
0 0.1675 0.7125 0.09 0.06375
0 0.0625 0.508125 0.05416666666666667 0.075
0 0.14833333333333334 0.4025 0.04083333333333333 0.0225
0 0.42 0.279375 0.056666666666666664 0.0275