0 0.5216666666666666 0.72125 0.20125 0.065
0 0.4370833333333333 0.594375 0.11 0.0775
0 0.24916666666666668 0.71 0.14416666666666667 0.074375
0 0.06708333333333333 0.679375 0.07 0.0575
0 0.03833333333333333 0.515 0.0575 0.069375
0 0.17666666666666667 0.500625 0.09916666666666667 0.074375
0 0.3304166666666667 0.51875 0.10166666666666667 0.055625
0 0.46291666666666664 0.510625 0.10041666666666667 0.0675
0 0.6820833333333334 0.47625 0.12041666666666667 0.0825
0 0.8666666666666667 0.309375 0.034166666666666665 0.055625
0 0.5770833333333333 0.30875 0.049166666666666664 0.04
0 0.39416666666666667 0.311875 0.03958333333333333 0.038125
0 0.33708333333333335 0.3425 0.051666666666666666 0.0275
0 0.32166666666666666 0.37875 0.043333333333333335 0.024375
0 0.2675 0.304375 0.03666666666666667 0.035
0 0.09541666666666666 0.394375 0.035833333333333335 0.040625