0 0.3225 0.694375 0.15791666666666668 0.07
0 0.6379166666666667 0.7075 0.22166666666666668 0.1
0 0.7933333333333333 0.463125 0.11625 0.1225
0 0.8183333333333334 0.3475 0.07416666666666667 0.0725
0 0.775 0.275625 0.04666666666666667 0.044375
0 0.7266666666666667 0.224375 0.08125 0.025
0 0.6191666666666666 0.236875 0.042083333333333334 0.03125
0 0.5783333333333334 0.265625 0.04625 0.03875
0 0.6133333333333333 0.33 0.07541666666666667 0.049375
0 0.5045833333333334 0.355625 0.10375 0.036875
0 0.43083333333333335 0.468125 0.08833333333333333 0.049375
0 0.3120833333333333 0.458125 0.09666666666666666 0.05
0 0.21583333333333332 0.4525 0.06041666666666667 0.0425
0 0.12333333333333334 0.675625 0.13 0.0625
0 0.08375 0.476875 0.08916666666666667 0.048125
0 0.15541666666666668 0.38875 0.051666666666666666 0.0275
0 0.2608333333333333 0.379375 0.05625 0.025625
0 0.31583333333333335 0.320625 0.056666666666666664 0.036875