0 0.22708333333333333 0.57875 0.11333333333333333 0.05
0 0.10791666666666666 0.569375 0.09541666666666666 0.044375
0 0.05125 0.494375 0.04 0.059375
0 0.07458333333333333 0.42125 0.065 0.03875
0 0.25875 0.416875 0.06625 0.029375
0 0.32416666666666666 0.336875 0.065 0.0325
0 0.41291666666666665 0.3975 0.07666666666666666 0.04625
0 0.7795833333333333 0.27875 0.0475 0.0275
0 0.84 0.2025 0.07041666666666667 0.025
0 0.67625 0.26 0.05458333333333333 0.03625
0 0.625 0.2975 0.052083333333333336 0.026875
0 0.49125 0.304375 0.0625 0.044375
0 0.4454166666666667 0.26 0.04625 0.025
0 0.8633333333333333 0.72 0.20583333333333334 0.09125