0 0.22 0.5725 0.12416666666666666 0.065625
0 0.44083333333333335 0.69875 0.14166666666666666 0.088125
0 0.21 0.685625 0.1175 0.085
0 0.38708333333333333 0.575 0.14 0.06
0 0.31416666666666665 0.36875 0.06166666666666667 0.03375
0 0.2475 0.448125 0.09708333333333333 0.048125
0 0.29125 0.290625 0.03958333333333333 0.035625
0 0.04708333333333333 0.455625 0.04625 0.060625
0 0.22958333333333333 0.380625 0.050833333333333335 0.03125
0 0.059583333333333335 0.39375 0.037083333333333336 0.026875
0 0.41625 0.4975 0.09125 0.048125
0 0.605 0.618125 0.09541666666666666 0.035625