0 0.09083333333333334 0.66875 0.07333333333333333 0.069375
0 0.55 0.72625 0.17333333333333334 0.079375
0 0.28291666666666665 0.69875 0.16791666666666666 0.075
0 0.5058333333333334 0.6025 0.0975 0.0525
0 0.08333333333333333 0.475625 0.06458333333333334 0.053125
0 0.77125 0.21125 0.07041666666666667 0.03625
0 0.17166666666666666 0.556875 0.08083333333333333 0.083125
0 0.28375 0.363125 0.05375 0.04375
0 0.20458333333333334 0.38125 0.04875 0.03375
0 0.31125 0.57 0.15 0.051875
0 0.27625 0.26875 0.03875 0.051875
0 0.11875 0.38625 0.04958333333333333 0.04
0 0.3275 0.3125 0.04791666666666667 0.02625
0 0.195 0.453125 0.06583333333333333 0.0475
0 0.5645833333333333 0.240625 0.06958333333333333 0.024375
0 0.015 0.46875 0.0275 0.04875
0 0.35625 0.4725 0.09625 0.049375