0 0.70625 0.73125 0.21166666666666667 0.124375
0 0.39416666666666667 0.72 0.16916666666666666 0.06375
0 0.25333333333333335 0.565 0.11625 0.06
0 0.09 0.566875 0.07541666666666667 0.058125
0 0.18916666666666668 0.4625 0.10208333333333333 0.045625
0 0.025416666666666667 0.396875 0.035416666666666666 0.030625
0 0.12416666666666666 0.4025 0.04125 0.02875
0 0.21666666666666667 0.375625 0.03958333333333333 0.038125
0 0.25166666666666665 0.341875 0.02875 0.038125
0 0.43666666666666665 0.26875 0.028333333333333332 0.03625
0 0.49125 0.25125 0.06916666666666667 0.019375
0 0.3879166666666667 0.26875 0.04958333333333333 0.025625
0 0.20875 0.333125 0.03125 0.015