0 0.2 0.574375 0.12166666666666667 0.06875
0 0.07541666666666667 0.560625 0.08291666666666667 0.076875
0 0.185 0.409375 0.052083333333333336 0.040625
0 0.2808333333333333 0.39625 0.05416666666666667 0.05375
0 0.3329166666666667 0.340625 0.05625 0.013125
0 0.41791666666666666 0.386875 0.06916666666666667 0.04375
0 0.5079166666666667 0.310625 0.06416666666666666 0.034375
0 0.66625 0.294375 0.0525 0.025625
0 0.8116666666666666 0.269375 0.049166666666666664 0.03875
0 0.63625 0.261875 0.04541666666666667 0.034375
0 0.275 0.28375 0.03833333333333333 0.026875