0 0.5566666666666666 0.731875 0.17291666666666666 0.088125
0 0.32416666666666666 0.7075 0.165 0.063125
0 0.3104166666666667 0.573125 0.15208333333333332 0.075625
0 0.15375 0.570625 0.11625 0.054375
0 0.22875 0.463125 0.07541666666666667 0.06125
0 0.0675 0.45625 0.05458333333333333 0.041875
0 0.23666666666666666 0.3225 0.03166666666666667 0.0325
0 0.43375 0.25625 0.04125 0.034375
0 0.52 0.24 0.055 0.030625
0 0.105 0.363125 0.029166666666666667 0.023125
0 0.03375 0.398125 0.04125 0.029375
0 0.056666666666666664 0.355 0.032916666666666664 0.026875
0 0.26625 0.3775 0.059166666666666666 0.019375