0 0.3566666666666667 0.588125 0.15875 0.063125
0 0.18333333333333332 0.574375 0.13333333333333333 0.05375
0 0.05375 0.551875 0.09958333333333333 0.070625
0 0.1025 0.3575 0.03333333333333333 0.040625
0 0.12541666666666668 0.386875 0.029583333333333333 0.036875
0 0.30333333333333334 0.311875 0.04 0.023125
0 0.35541666666666666 0.33125 0.02666666666666667 0.029375
0 0.4579166666666667 0.314375 0.03 0.04375
0 0.43833333333333335 0.26 0.04 0.029375
0 0.6758333333333333 0.224375 0.04083333333333333 0.03625
0 0.27666666666666667 0.27 0.021666666666666667 0.041875
0 0.2654166666666667 0.34375 0.019166666666666665 0.030625
0 0.5991666666666666 0.67375 0.16333333333333333 0.048125