0 0.20916666666666667 0.576875 0.14125 0.0725
0 0.06333333333333334 0.57 0.11625 0.04375
0 0.13916666666666666 0.495625 0.065 0.06375
0 0.0425 0.50875 0.05583333333333333 0.038125
0 0.11833333333333333 0.4125 0.058333333333333334 0.054375
0 0.22333333333333333 0.413125 0.06041666666666667 0.023125
0 0.32 0.4025 0.0725 0.033125
0 0.24166666666666667 0.34875 0.055 0.026875
0 0.19083333333333333 0.33125 0.0375 0.02875
0 0.33666666666666667 0.3375 0.03125 0.02125
0 0.555 0.313125 0.03666666666666667 0.023125
0 0.665 0.29 0.06458333333333334 0.033125