0 0.24 0.501875 0.10416666666666667 0.048125
0 0.12541666666666668 0.48625 0.05458333333333333 0.075625
0 0.10416666666666667 0.581875 0.11583333333333333 0.050625
0 0.04 0.5 0.06208333333333333 0.05375
0 0.08375 0.419375 0.05333333333333334 0.040625
0 0.18833333333333332 0.411875 0.065 0.03875
0 0.28958333333333336 0.40375 0.08 0.03875
0 0.4141666666666667 0.3775 0.06458333333333334 0.061875
0 0.7591666666666667 0.274375 0.04833333333333333 0.02875
0 0.8566666666666667 0.245625 0.07 0.02125
0 0.40041666666666664 0.324375 0.02666666666666667 0.025
0 0.14041666666666666 0.33625 0.035833333333333335 0.020625