0 0.21916666666666668 0.48625 0.0875 0.055625
0 0.13791666666666666 0.58125 0.10416666666666667 0.05375
0 0.10666666666666667 0.513125 0.0525 0.029375
0 0.16833333333333333 0.4025 0.043333333333333335 0.05375
0 0.18166666666666667 0.3575 0.025416666666666667 0.01875
0 0.28958333333333336 0.34375 0.04083333333333333 0.019375
0 0.27166666666666667 0.3975 0.028333333333333332 0.058125
0 0.4816666666666667 0.31875 0.049166666666666664 0.029375
0 0.41 0.389375 0.06458333333333334 0.045625
0 0.3829166666666667 0.329375 0.042083333333333334 0.025625
0 0.6133333333333333 0.3 0.05875 0.036875
0 0.7495833333333334 0.2825 0.042083333333333334 0.03125
0 0.8758333333333334 0.245 0.05583333333333333 0.045625