0 0.29125 0.483125 0.07875 0.080625
0 0.049166666666666664 0.563125 0.08291666666666667 0.07125
0 0.08375 0.50375 0.0475 0.036875
0 0.17375 0.515625 0.07541666666666667 0.036875
0 0.22458333333333333 0.408125 0.030833333333333334 0.05
0 0.32125 0.399375 0.06708333333333333 0.036875
0 0.33 0.3275 0.04 0.038125
0 0.5516666666666666 0.300625 0.04583333333333333 0.038125
0 0.6883333333333334 0.286875 0.04958333333333333 0.02875
0 0.83 0.261875 0.04625 0.0475
0 0.46958333333333335 0.384375 0.10041666666666667 0.040625