0 0.30791666666666667 0.5775 0.14833333333333334 0.075625
0 0.135 0.564375 0.11333333333333333 0.06375
0 0.12041666666666667 0.495 0.09666666666666666 0.0525
0 0.14833333333333334 0.304375 0.04666666666666667 0.035
0 0.23375 0.414375 0.050833333333333335 0.034375
0 0.34833333333333333 0.39875 0.07916666666666666 0.04375
0 0.47375 0.3775 0.09833333333333333 0.066875
0 0.37958333333333333 0.2675 0.04125 0.033125
0 0.5691666666666667 0.300625 0.04625 0.03875
0 0.7375 0.283125 0.06583333333333333 0.033125
0 0.8658333333333333 0.238125 0.0625 0.054375