0 0.4529166666666667 0.489375 0.13291666666666666 0.05625
0 0.28833333333333333 0.49125 0.065 0.0675
0 0.05458333333333333 0.50125 0.07333333333333333 0.0525
0 0.09875 0.4125 0.035833333333333335 0.0475
0 0.19083333333333333 0.416875 0.07916666666666666 0.030625
0 0.30916666666666665 0.40625 0.0525 0.03875
0 0.42333333333333334 0.3925 0.08 0.044375
0 0.41833333333333333 0.321875 0.03833333333333333 0.034375
0 0.53 0.30625 0.03333333333333333 0.030625
0 0.67125 0.286875 0.06833333333333333 0.0325
0 0.8029166666666666 0.27 0.07666666666666666 0.03625
0 0.3591666666666667 0.275 0.037083333333333336 0.0425