0 0.51125 0.481875 0.16 0.061875
0 0.36083333333333334 0.50625 0.10208333333333333 0.0475
0 0.2325 0.491875 0.07083333333333333 0.07125
0 0.23416666666666666 0.40875 0.052083333333333336 0.041875
0 0.34291666666666665 0.41 0.06416666666666666 0.0325
0 0.47583333333333333 0.389375 0.07833333333333334 0.04
0 0.5716666666666667 0.3025 0.052083333333333336 0.035
0 0.7095833333333333 0.288125 0.07125 0.029375
0 0.8383333333333334 0.26375 0.05875 0.035
0 0.6408333333333334 0.3625 0.07916666666666666 0.050625
0 0.11958333333333333 0.416875 0.05375 0.030625
0 0.3308333333333333 0.3325 0.05625 0.029375
0 0.465 0.325625 0.03958333333333333 0.0225