0 0.28791666666666665 0.555 0.12708333333333333 0.108125
0 0.10875 0.5725 0.11083333333333334 0.04625
0 0.15333333333333332 0.49375 0.085 0.059375
0 0.13916666666666666 0.425 0.06208333333333333 0.025625
0 0.08166666666666667 0.421875 0.035833333333333335 0.0325
0 0.20875 0.345625 0.03666666666666667 0.033125
0 0.25166666666666665 0.401875 0.055 0.05375
0 0.37333333333333335 0.4025 0.07833333333333334 0.045625
0 0.5033333333333333 0.38125 0.12333333333333334 0.03625
0 0.5658333333333333 0.27875 0.04541666666666667 0.029375
0 0.6120833333333333 0.299375 0.030833333333333334 0.035
0 0.6929166666666666 0.26 0.05375 0.0425
0 0.75875 0.27875 0.050416666666666665 0.044375
0 0.7091666666666666 0.218125 0.055 0.0325