0 0.7225 0.3525 0.10166666666666667 0.073125
0 0.7004166666666667 0.49 0.13375 0.0825
0 0.54875 0.3875 0.09625 0.04
0 0.485 0.499375 0.13708333333333333 0.058125
0 0.43125 0.394375 0.07 0.05
0 0.49666666666666665 0.31875 0.037083333333333336 0.02875
0 0.5533333333333333 0.284375 0.08958333333333333 0.025625
0 0.6695833333333333 0.285625 0.06708333333333333 0.0475
0 0.40166666666666667 0.299375 0.05 0.034375
0 0.30333333333333334 0.408125 0.08 0.035
0 0.17458333333333334 0.50625 0.09375 0.048125
0 0.05333333333333334 0.499375 0.07833333333333334 0.036875
0 0.18958333333333333 0.360625 0.03333333333333333 0.015625
0 0.86375 0.463125 0.0675 0.114375