0 0.6654166666666667 0.479375 0.11083333333333334 0.08125
0 0.6933333333333334 0.370625 0.07916666666666666 0.0575
0 0.7495833333333334 0.275 0.07958333333333334 0.044375
0 0.8579166666666667 0.329375 0.07041666666666667 0.059375
0 0.8895833333333333 0.25125 0.05416666666666667 0.050625
0 0.8508333333333333 0.439375 0.11291666666666667 0.12875
0 0.5741666666666667 0.301875 0.04416666666666667 0.040625
0 0.58125 0.261875 0.027083333333333334 0.0325
0 0.42333333333333334 0.491875 0.1125 0.065625
0 0.3908333333333333 0.400625 0.06333333333333334 0.04375
0 0.5225 0.395625 0.07916666666666666 0.03125
0 0.37166666666666665 0.279375 0.030833333333333334 0.0325
0 0.2833333333333333 0.293125 0.03333333333333333 0.023125
0 0.2775 0.49875 0.10583333333333333 0.065625
0 0.18541666666666667 0.704375 0.0875 0.0475
0 0.12583333333333332 0.5 0.08583333333333333 0.040625
0 0.08625 0.41875 0.035833333333333335 0.040625
0 0.037083333333333336 0.68375 0.04958333333333333 0.0525