0 0.25875 0.506875 0.12 0.04375
0 0.22666666666666666 0.710625 0.12166666666666667 0.045625
0 0.4508333333333333 0.72 0.16208333333333333 0.0675
0 0.4716666666666667 0.504375 0.13541666666666666 0.049375
0 0.4058333333333333 0.44875 0.11 0.0525
0 0.5391666666666667 0.388125 0.125 0.048125
0 0.4658333333333333 0.36 0.09 0.0325
0 0.285 0.39375 0.05416666666666667 0.0475
0 0.5870833333333333 0.28125 0.0675 0.036875
0 0.46625 0.256875 0.03916666666666667 0.0525
0 0.3645833333333333 0.2725 0.04666666666666667 0.03625
0 0.03333333333333333 0.664375 0.06166666666666667 0.085
0 0.7120833333333333 0.475 0.105 0.061875
0 0.8945833333333333 0.460625 0.0875 0.075625
0 0.7379166666666667 0.35875 0.0575 0.050625