0 0.5558333333333333 0.731875 0.19291666666666665 0.08625
0 0.48125 0.5025 0.12291666666666666 0.0475
0 0.6304166666666666 0.373125 0.08083333333333333 0.0575
0 0.7808333333333334 0.345 0.07166666666666667 0.058125
0 0.34375 0.279375 0.025 0.0325
0 0.3333333333333333 0.3725 0.058333333333333334 0.038125
0 0.39 0.4525 0.09083333333333334 0.045625
0 0.4454166666666667 0.398125 0.06208333333333333 0.029375
0 0.4529166666666667 0.358125 0.07958333333333334 0.029375
0 0.24708333333333332 0.68 0.15708333333333332 0.05625
0 0.08 0.671875 0.10041666666666667 0.054375
0 0.25166666666666665 0.4675 0.085 0.05375
0 0.83125 0.695 0.15 0.134375
0 0.7879166666666667 0.48625 0.105 0.055625