0 0.5295833333333333 0.715625 0.20166666666666666 0.105625
0 0.8145833333333333 0.7075 0.15875 0.12
0 0.8875 0.453125 0.10833333333333334 0.08625
0 0.7254166666666667 0.495625 0.16208333333333333 0.0525
0 0.5841666666666666 0.37875 0.06625 0.05375
0 0.7408333333333333 0.360625 0.10208333333333333 0.049375
0 0.8616666666666667 0.2525 0.04666666666666667 0.04
0 0.5745833333333333 0.241875 0.04583333333333333 0.035
0 0.4683333333333333 0.266875 0.035 0.030625
0 0.42541666666666667 0.333125 0.05416666666666667 0.016875
0 0.3879166666666667 0.296875 0.049166666666666664 0.023125
0 0.3433333333333333 0.36875 0.04791666666666667 0.026875
0 0.42875 0.404375 0.05333333333333334 0.025
0 0.40791666666666665 0.443125 0.07583333333333334 0.054375
0 0.4225 0.49375 0.12083333333333333 0.07875
0 0.27 0.459375 0.10916666666666666 0.059375
0 0.22291666666666668 0.66875 0.1225 0.099375
0 0.057916666666666665 0.65875 0.0925 0.070625
0 0.14958333333333335 0.303125 0.028333333333333332 0.041875