0 0.6775 0.485625 0.14916666666666667 0.069375
0 0.79625 0.35875 0.07458333333333333 0.04375
0 0.535 0.31125 0.05458333333333333 0.020625
0 0.46208333333333335 0.35 0.08166666666666667 0.029375
0 0.38958333333333334 0.450625 0.10833333333333334 0.038125
0 0.24666666666666667 0.43875 0.08 0.074375
0 0.24208333333333334 0.679375 0.13625 0.06875
0 0.47375 0.69125 0.20166666666666666 0.06375
0 0.06708333333333333 0.6675 0.11583333333333333 0.0725
0 0.14 0.46875 0.08666666666666667 0.051875
0 0.29541666666666666 0.311875 0.032916666666666664 0.020625
0 0.5566666666666666 0.26875 0.028333333333333332 0.048125
0 0.86375 0.651875 0.09541666666666666 0.146875