0 0.7866666666666666 0.6725 0.14458333333333334 0.093125
0 0.6175 0.465 0.09416666666666666 0.108125
0 0.5466666666666666 0.386875 0.08333333333333333 0.04375
0 0.48125 0.34125 0.0825 0.0525
0 0.385 0.300625 0.0425 0.02875
0 0.42 0.4575 0.11 0.055625
0 0.4220833333333333 0.69625 0.22 0.083125
0 0.21333333333333335 0.679375 0.11958333333333333 0.0825
0 0.05333333333333334 0.66125 0.09958333333333333 0.063125
0 0.14 0.454375 0.06666666666666667 0.07875
0 0.27125 0.4575 0.0725 0.0575
0 0.265 0.368125 0.051666666666666666 0.058125