0 0.675 0.693125 0.17291666666666666 0.06
0 0.8295833333333333 0.444375 0.11416666666666667 0.125625
0 0.7266666666666667 0.3625 0.06291666666666666 0.06375
0 0.6504166666666666 0.295625 0.05458333333333333 0.02875
0 0.6254166666666666 0.26 0.0525 0.02875
0 0.49541666666666667 0.345625 0.0775 0.03875
0 0.46208333333333335 0.3875 0.07125 0.045625
0 0.42125 0.441875 0.09375 0.07875
0 0.41458333333333336 0.583125 0.1625 0.065625
0 0.43333333333333335 0.706875 0.215 0.084375
0 0.20666666666666667 0.680625 0.11041666666666666 0.070625
0 0.06708333333333333 0.658125 0.10083333333333333 0.074375
0 0.0525 0.474375 0.07 0.063125
0 0.16833333333333333 0.46 0.09958333333333333 0.054375
0 0.28375 0.460625 0.09916666666666667 0.069375
0 0.27875 0.379375 0.059166666666666666 0.04375
0 0.245 0.341875 0.0475 0.033125
0 0.38875 0.3025 0.05375 0.033125
0 0.4 0.36125 0.04791666666666667 0.025625