0 0.28791666666666665 0.584375 0.09083333333333334 0.070625
0 0.24125 0.470625 0.06833333333333333 0.063125
0 0.15625 0.575625 0.10416666666666667 0.0525
0 0.02666666666666667 0.4975 0.045 0.050625
0 0.05625 0.431875 0.045 0.026875
0 0.21583333333333332 0.411875 0.03958333333333333 0.03625
0 0.3283333333333333 0.395625 0.0575 0.049375
0 0.44375 0.39625 0.07 0.040625
0 0.4741666666666667 0.320625 0.041666666666666664 0.024375
0 0.47875 0.29 0.035833333333333335 0.020625
0 0.6975 0.284375 0.04125 0.0275
0 0.6633333333333333 0.360625 0.06166666666666667 0.0325
0 0.10208333333333333 0.516875 0.07416666666666667 0.0275
0 0.6179166666666667 0.226875 0.06416666666666666 0.029375
0 0.5929166666666666 0.279375 0.0475 0.025625