0 0.37375 0.69 0.15583333333333332 0.06875
0 0.6454166666666666 0.70625 0.18333333333333332 0.08625
0 0.7308333333333333 0.35125 0.085 0.075
0 0.5141666666666667 0.345625 0.05458333333333333 0.03875
0 0.37958333333333333 0.333125 0.03333333333333333 0.025625
0 0.34125 0.299375 0.04375 0.036875
0 0.46416666666666667 0.295625 0.03333333333333333 0.033125
0 0.28041666666666665 0.5725 0.13375 0.059375
0 0.12458333333333334 0.555625 0.12083333333333333 0.06125
0 0.11083333333333334 0.65625 0.1475 0.059375
0 0.08833333333333333 0.463125 0.04583333333333333 0.0475
0 0.024583333333333332 0.44375 0.04125 0.086875
0 0.21833333333333332 0.369375 0.057916666666666665 0.04625
0 0.40791666666666665 0.249375 0.0375 0.03125
0 0.8658333333333333 0.260625 0.06 0.0325
0 0.7158333333333333 0.220625 0.04833333333333333 0.0275