0 0.52 0.71375 0.18458333333333332 0.08875
0 0.34833333333333333 0.583125 0.13 0.066875
0 0.2275 0.6675 0.14916666666666667 0.05
0 0.18833333333333332 0.57875 0.12541666666666668 0.065
0 0.26875 0.438125 0.08 0.069375
0 0.27291666666666664 0.375625 0.09083333333333334 0.029375
0 0.45125 0.3525 0.05583333333333333 0.040625
0 0.5870833333333333 0.34 0.07125 0.0275
0 0.8325 0.336875 0.07416666666666667 0.074375
0 0.4058333333333333 0.30375 0.034166666666666665 0.025625
0 0.17333333333333334 0.370625 0.04416666666666667 0.049375
0 0.09333333333333334 0.37875 0.041666666666666664 0.051875
0 0.8741666666666666 0.666875 0.10416666666666667 0.166875
0 0.4066666666666667 0.48 0.09791666666666667 0.04
0 0.03125 0.4725 0.03833333333333333 0.049375
0 0.058333333333333334 0.5625 0.08166666666666667 0.06625