0 0.7566666666666667 0.711875 0.19 0.0925
0 0.39625 0.69375 0.13875 0.070625
0 0.3829166666666667 0.5925 0.1075 0.0575
0 0.23083333333333333 0.566875 0.10625 0.061875
0 0.0775 0.566875 0.09541666666666666 0.04375
0 0.18833333333333332 0.450625 0.07 0.041875
0 0.295 0.458125 0.085 0.048125
0 0.495 0.355 0.0625 0.038125
0 0.74125 0.27 0.05375 0.023125
0 0.24125 0.3275 0.020833333333333332 0.01875
0 0.2975 0.371875 0.06041666666666667 0.034375
0 0.20916666666666667 0.374375 0.057916666666666665 0.033125
0 0.08625 0.465 0.056666666666666664 0.03125
0 0.13083333333333333 0.39 0.05458333333333333 0.024375
0 0.16375 0.335 0.020416666666666666 0.0325
0 0.04666666666666667 0.393125 0.02875 0.041875