0 0.82625 0.689375 0.12666666666666668 0.11375
0 0.4475 0.684375 0.1575 0.099375
0 0.3425 0.586875 0.13958333333333334 0.06375
0 0.20916666666666667 0.571875 0.11166666666666666 0.06
0 0.04541666666666667 0.563125 0.08291666666666667 0.0525
0 0.17041666666666666 0.455 0.07666666666666666 0.034375
0 0.2808333333333333 0.454375 0.1 0.048125
0 0.26666666666666666 0.36875 0.045 0.036875
0 0.30041666666666667 0.288125 0.05375 0.023125
0 0.46166666666666667 0.34 0.04083333333333333 0.059375
0 0.7254166666666667 0.265 0.060833333333333336 0.03125
0 0.885 0.185 0.0325 0.041875
0 0.22791666666666666 0.32375 0.06208333333333333 0.03625