0 0.13583333333333333 0.57375 0.11916666666666667 0.054375
0 0.24625 0.570625 0.10583333333333333 0.063125
0 0.25583333333333336 0.48375 0.115 0.049375
0 0.11083333333333334 0.5025 0.05583333333333333 0.055625
0 0.15041666666666667 0.41875 0.04666666666666667 0.029375
0 0.22041666666666668 0.418125 0.07708333333333334 0.023125
0 0.27166666666666667 0.348125 0.043333333333333335 0.020625
0 0.34041666666666665 0.40625 0.1025 0.026875
0 0.45916666666666667 0.39 0.08958333333333333 0.050625
0 0.4975 0.31875 0.042083333333333334 0.033125
0 0.65625 0.368125 0.07708333333333334 0.049375
0 0.7291666666666666 0.283125 0.04666666666666667 0.03125
0 0.8579166666666667 0.255 0.06458333333333334 0.041875
0 0.7054166666666667 0.25625 0.05458333333333333 0.02125
0 0.5929166666666666 0.229375 0.05458333333333333 0.029375
0 0.21708333333333332 0.305 0.035 0.023125