0 0.24625 0.575625 0.13958333333333334 0.063125
0 0.115 0.56875 0.1 0.065
0 0.11625 0.46125 0.07291666666666667 0.04625
0 0.1525 0.384375 0.029166666666666667 0.033125
0 0.2025 0.38875 0.051666666666666666 0.03875
0 0.29625 0.35125 0.04791666666666667 0.054375
0 0.5641666666666667 0.28 0.05375 0.025
0 0.7295833333333334 0.280625 0.07583333333333334 0.040625
0 0.08541666666666667 0.3825 0.035416666666666666 0.036875
0 0.9141666666666667 0.70375 0.13875 0.141875
0 0.42291666666666666 0.608125 0.09541666666666666 0.043125