0 0.23958333333333334 0.55625 0.10208333333333333 0.1025
0 0.28833333333333333 0.488125 0.11708333333333333 0.05
0 0.11708333333333333 0.566875 0.10416666666666667 0.0575
0 0.0625 0.503125 0.04666666666666667 0.045625
0 0.13625 0.511875 0.06916666666666667 0.04375
0 0.165 0.410625 0.03791666666666667 0.050625
0 0.2425 0.415625 0.050416666666666665 0.03125
0 0.35791666666666666 0.4025 0.07041666666666667 0.035
0 0.5020833333333333 0.3725 0.06166666666666667 0.075
0 0.6908333333333333 0.341875 0.058333333333333334 0.065
0 0.7308333333333333 0.288125 0.08166666666666667 0.024375
0 0.87875 0.24625 0.04541666666666667 0.040625
0 0.5683333333333334 0.239375 0.04666666666666667 0.0175
0 0.5758333333333333 0.2775 0.05416666666666667 0.019375
0 0.46166666666666667 0.295625 0.04 0.029375
0 0.28541666666666665 0.336875 0.03833333333333333 0.036875