0 0.63375 0.71625 0.2075 0.0825
0 0.23833333333333334 0.550625 0.11208333333333333 0.1
0 0.11625 0.5525 0.11333333333333333 0.074375
0 0.10458333333333333 0.411875 0.037083333333333336 0.0525
0 0.19416666666666665 0.416875 0.05416666666666667 0.0225
0 0.3020833333333333 0.399375 0.08833333333333333 0.038125
0 0.25125 0.345625 0.03916666666666667 0.025625
0 0.3925 0.325625 0.04958333333333333 0.038125
0 0.36291666666666667 0.26875 0.035833333333333335 0.034375
0 0.5466666666666666 0.240625 0.04583333333333333 0.03875
0 0.6504166666666666 0.291875 0.04833333333333333 0.033125
0 0.7783333333333333 0.270625 0.04625 0.0425
0 0.74125 0.215625 0.04416666666666667 0.033125
0 0.5275 0.3075 0.04541666666666667 0.03875