0 0.41083333333333333 0.48 0.1425 0.07125
0 0.6058333333333333 0.29125 0.04666666666666667 0.0475
0 0.4525 0.32125 0.04583333333333333 0.0275
0 0.46041666666666664 0.250625 0.0675 0.0275
0 0.2629166666666667 0.499375 0.07041666666666667 0.06125
0 0.32166666666666666 0.40125 0.065 0.045625
0 0.15583333333333332 0.511875 0.06875 0.04
0 0.03791666666666667 0.499375 0.04 0.054375
0 0.1275 0.413125 0.043333333333333335 0.038125
0 0.22 0.4175 0.0525 0.0225
0 0.17666666666666667 0.356875 0.034166666666666665 0.025
0 0.04833333333333333 0.4275 0.03375 0.0325
0 0.25 0.345625 0.025833333333333333 0.029375