0 0.30125 0.415625 0.08375 0.01875
0 0.4066666666666667 0.399375 0.059166666666666666 0.04375
0 0.5670833333333334 0.36875 0.04375 0.044375
0 0.7854166666666667 0.469375 0.15208333333333332 0.05
0 0.42 0.49375 0.115 0.0525
0 0.2425 0.4975 0.08125 0.049375
0 0.10416666666666667 0.50875 0.07166666666666667 0.0325
0 0.15 0.6975 0.1125 0.06875
0 0.023333333333333334 0.674375 0.04416666666666667 0.040625
0 0.029583333333333333 0.4925 0.04666666666666667 0.055625
0 0.17833333333333334 0.424375 0.042083333333333334 0.024375
0 0.405 0.324375 0.04125 0.034375
0 0.315 0.336875 0.03333333333333333 0.01875
0 0.245 0.35125 0.03375 0.023125
0 0.10333333333333333 0.42625 0.04083333333333333 0.025