0 0.3125 0.399375 0.05416666666666667 0.041875
0 0.42833333333333334 0.3975 0.08166666666666667 0.029375
0 0.5891666666666666 0.36875 0.08916666666666667 0.0475
0 0.6316666666666667 0.495625 0.11583333333333333 0.065
0 0.8329166666666666 0.46 0.1025 0.069375
0 0.44416666666666665 0.5025 0.11583333333333333 0.049375
0 0.2875 0.5025 0.08833333333333333 0.049375
0 0.12583333333333332 0.50625 0.07291666666666667 0.059375
0 0.19666666666666666 0.693125 0.07708333333333334 0.061875
0 0.024583333333333332 0.505 0.04833333333333333 0.0475
0 0.11333333333333333 0.41875 0.06833333333333333 0.036875
0 0.2525 0.345 0.04416666666666667 0.030625
0 0.14833333333333334 0.35875 0.05375 0.02125
0 0.5483333333333333 0.31 0.06833333333333333 0.02875
0 0.05375 0.685 0.08833333333333333 0.045625