0 0.19333333333333333 0.511875 0.08583333333333333 0.041875
0 0.1575 0.701875 0.13708333333333333 0.0425
0 0.32208333333333333 0.716875 0.10458333333333333 0.05
0 0.38666666666666666 0.48625 0.13375 0.075625
0 0.5691666666666667 0.5025 0.13791666666666666 0.054375
0 0.7733333333333333 0.479375 0.12 0.06125
0 0.49625 0.389375 0.08958333333333333 0.04
0 0.24958333333333332 0.414375 0.04375 0.045625
0 0.16291666666666665 0.411875 0.06291666666666666 0.04625
0 0.07583333333333334 0.49875 0.07 0.050625
0 0.08083333333333333 0.423125 0.043333333333333335 0.05
0 0.3020833333333333 0.34125 0.058333333333333334 0.04
0 0.38666666666666666 0.325625 0.052083333333333336 0.036875
0 0.4820833333333333 0.316875 0.05583333333333333 0.036875
0 0.5945833333333334 0.299375 0.065 0.034375
0 0.6725 0.3575 0.09208333333333334 0.055625
0 0.8854166666666666 0.25 0.05333333333333334 0.055625
0 0.6191666666666666 0.238125 0.0675 0.030625