0 0.14791666666666667 0.513125 0.1075 0.041875
0 0.2375 0.7025 0.14458333333333334 0.051875
0 0.6941666666666667 0.485 0.105 0.0825
0 0.8775 0.451875 0.0975 0.085
0 0.49666666666666665 0.49625 0.19 0.048125
0 0.051666666666666666 0.50625 0.07125 0.05
0 0.095 0.675 0.06666666666666667 0.051875
0 0.06375 0.424375 0.050416666666666665 0.03125
0 0.57875 0.3125 0.055 0.04375
0 0.6191666666666666 0.366875 0.09916666666666667 0.0275
0 0.4558333333333333 0.4 0.09166666666666666 0.036875
0 0.3308333333333333 0.40625 0.10083333333333333 0.0225