0 0.27791666666666665 0.504375 0.07333333333333333 0.065
0 0.12291666666666666 0.4975 0.09166666666666666 0.059375
0 0.06291666666666666 0.674375 0.10083333333333333 0.0525
0 0.2504166666666667 0.71375 0.16875 0.074375
0 0.6883333333333334 0.485 0.12458333333333334 0.0525
0 0.7895833333333333 0.34 0.06458333333333334 0.050625
0 0.5866666666666667 0.38125 0.10166666666666667 0.0225
0 0.8966666666666666 0.46 0.08541666666666667 0.073125
0 0.4483333333333333 0.40375 0.07041666666666667 0.025625
0 0.3025 0.41 0.07458333333333333 0.0225
0 0.20875 0.419375 0.05875 0.029375
0 0.67125 0.28375 0.0625 0.0325
0 0.55875 0.310625 0.06916666666666667 0.03625
0 0.72 0.220625 0.0875 0.0425
0 0.3475 0.335625 0.051666666666666666 0.04
0 0.24208333333333334 0.349375 0.05875 0.034375