0 0.26125 0.513125 0.09625 0.036875
0 0.11333333333333333 0.505 0.07875 0.038125
0 0.20541666666666666 0.713125 0.08708333333333333 0.030625
0 0.4245833333333333 0.485625 0.1175 0.069375
0 0.6570833333333334 0.489375 0.1025 0.0525
0 0.8345833333333333 0.45375 0.11833333333333333 0.048125
0 0.025416666666666667 0.66875 0.04958333333333333 0.04625
0 0.17958333333333334 0.420625 0.08083333333333333 0.0275
0 0.0675 0.433125 0.058333333333333334 0.030625
0 0.28 0.41125 0.06416666666666666 0.01875
0 0.32166666666666666 0.33625 0.05333333333333334 0.029375
0 0.5379166666666667 0.311875 0.07333333333333333 0.036875
0 0.6641666666666667 0.300625 0.07458333333333333 0.0325
0 0.8241666666666667 0.26 0.06916666666666667 0.035
0 0.4241666666666667 0.320625 0.052083333333333336 0.0275
0 0.37958333333333333 0.73 0.09458333333333334 0.055625