0 0.5929166666666666 0.705 0.15416666666666667 0.1
0 0.7920833333333334 0.470625 0.0975 0.049375
0 0.6220833333333333 0.36875 0.07458333333333333 0.051875
0 0.3325 0.51125 0.12416666666666666 0.033125
0 0.19583333333333333 0.4975 0.09916666666666667 0.034375
0 0.09833333333333333 0.67625 0.07291666666666667 0.04
0 0.24041666666666667 0.41375 0.06833333333333333 0.033125
0 0.2579166666666667 0.34625 0.05 0.024375
0 0.3745833333333333 0.335 0.04666666666666667 0.0175
0 0.48583333333333334 0.3225 0.051666666666666666 0.030625
0 0.6175 0.3025 0.04958333333333333 0.0175
0 0.8808333333333334 0.25375 0.037083333333333336 0.0425
0 0.7845833333333333 0.2075 0.05458333333333333 0.0225
0 0.8329166666666666 0.3425 0.1025 0.035
0 0.3458333333333333 0.72125 0.10166666666666667 0.05375