0 0.21083333333333334 0.489375 0.07666666666666666 0.041875
0 0.14958333333333335 0.6775 0.13166666666666665 0.038125
0 0.33 0.716875 0.052083333333333336 0.036875
0 0.6008333333333333 0.4725 0.13083333333333333 0.049375
0 0.83 0.47625 0.09083333333333334 0.05625
0 0.84125 0.3275 0.1025 0.05
0 0.6504166666666666 0.37375 0.12041666666666667 0.030625
0 0.5025 0.395625 0.085 0.033125
0 0.37 0.47625 0.10583333333333333 0.06375
0 0.16708333333333333 0.41875 0.04958333333333333 0.03125
0 0.2675 0.400625 0.06708333333333333 0.041875
0 0.27375 0.340625 0.04541666666666667 0.03875
0 0.49375 0.313125 0.05333333333333334 0.029375
0 0.6279166666666667 0.2975 0.04833333333333333 0.03625
0 0.745 0.275 0.07 0.0275
0 0.8116666666666666 0.19375 0.07416666666666667 0.0325
0 0.64 0.713125 0.18666666666666668 0.055625