0 0.27125 0.501875 0.12708333333333333 0.05
0 0.38416666666666666 0.459375 0.095 0.065
0 0.42541666666666667 0.395 0.07875 0.0475
0 0.30416666666666664 0.408125 0.059166666666666666 0.044375
0 0.22833333333333333 0.4125 0.08291666666666667 0.030625
0 0.25875 0.681875 0.16041666666666668 0.0825
0 0.58625 0.724375 0.1275 0.099375
0 0.83125 0.683125 0.09208333333333334 0.0975
0 0.7595833333333334 0.35 0.13791666666666666 0.03125
0 0.7341666666666666 0.49375 0.17583333333333334 0.05
0 0.050416666666666665 0.658125 0.10083333333333333 0.075625
0 0.6870833333333334 0.29375 0.06041666666666667 0.033125
0 0.8120833333333334 0.268125 0.08125 0.026875
0 0.5616666666666666 0.311875 0.0775 0.0225
0 0.57625 0.39 0.11416666666666667 0.02875