0 0.41 0.500625 0.07875 0.0525
0 0.41625 0.449375 0.09125 0.020625
0 0.2816666666666667 0.470625 0.10583333333333333 0.051875
0 0.22 0.676875 0.11208333333333333 0.06125
0 0.5129166666666667 0.696875 0.16041666666666668 0.075
0 0.87625 0.451875 0.10791666666666666 0.06875
0 0.6845833333333333 0.49375 0.12041666666666667 0.079375
0 0.09916666666666667 0.4175 0.04583333333333333 0.025625
0 0.04875 0.6575 0.09458333333333334 0.068125
0 0.21791666666666668 0.415 0.06291666666666666 0.03875
0 0.33458333333333334 0.395625 0.07333333333333333 0.033125
0 0.7475 0.36 0.09916666666666667 0.05
0 0.55375 0.386875 0.07875 0.0225
0 0.8495833333333334 0.664375 0.10916666666666666 0.110625
0 0.8175 0.26625 0.07 0.04375
0 0.67125 0.29375 0.07166666666666667 0.026875
0 0.5758333333333333 0.614375 0.13291666666666666 0.055625