0 0.8370833333333333 0.331875 0.1 0.06875
0 0.10041666666666667 0.570625 0.11166666666666666 0.0525
0 0.4241666666666667 0.47375 0.13166666666666665 0.060625
0 0.46541666666666665 0.3825 0.07458333333333333 0.064375
0 0.25875 0.509375 0.11791666666666667 0.04
0 0.24625 0.41 0.05875 0.035
0 0.6279166666666667 0.374375 0.11041666666666666 0.048125
0 0.85125 0.260625 0.050833333333333335 0.035
0 0.6204166666666666 0.301875 0.057916666666666665 0.031875
0 0.155 0.514375 0.06875 0.0325
0 0.05625 0.50125 0.0625 0.04625