0 0.6475 0.499375 0.14541666666666667 0.04625
0 0.49 0.68625 0.105 0.081875
0 0.7883333333333333 0.68 0.14 0.096875
0 0.9029166666666667 0.45625 0.11 0.075625
0 0.7116666666666667 0.370625 0.08 0.0475
0 0.8704166666666666 0.32 0.09416666666666666 0.05625
0 0.5254166666666666 0.384375 0.09625 0.044375
0 0.4579166666666667 0.441875 0.11708333333333333 0.051875
0 0.39125 0.505625 0.10666666666666667 0.048125
0 0.3016666666666667 0.4625 0.11166666666666666 0.041875
0 0.18791666666666668 0.68375 0.11291666666666667 0.089375
0 0.09625 0.420625 0.04583333333333333 0.038125
0 0.07958333333333334 0.3675 0.027083333333333334 0.03125
0 0.030416666666666668 0.66625 0.04625 0.06
0 0.52125 0.30625 0.03791666666666667 0.026875
0 0.38125 0.326875 0.0575 0.03875
0 0.31666666666666665 0.3975 0.041666666666666664 0.0425
0 0.4241666666666667 0.270625 0.05416666666666667 0.0325
0 0.5508333333333333 0.246875 0.0575 0.038125
0 0.7808333333333334 0.27125 0.06916666666666667 0.0225
0 0.6595833333333333 0.29 0.065 0.015
0 0.65625 0.263125 0.04583333333333333 0.0175
0 0.6725 0.20875 0.056666666666666664 0.045625