0 0.4683333333333333 0.479375 0.13166666666666665 0.059375
0 0.07166666666666667 0.574375 0.08541666666666667 0.0525
0 0.19375 0.501875 0.07 0.054375
0 0.26916666666666667 0.4025 0.07375 0.04875
0 0.08333333333333333 0.503125 0.0675 0.04625
0 0.5033333333333333 0.39375 0.09958333333333333 0.038125
0 0.3566666666666667 0.405 0.075 0.03375
0 0.6470833333333333 0.373125 0.09833333333333333 0.048125
0 0.28291666666666665 0.494375 0.07666666666666666 0.0775
0 0.34875 0.309375 0.04583333333333333 0.03125
0 0.4583333333333333 0.25 0.0375 0.031875