0 0.7558333333333334 0.711875 0.17916666666666667 0.091875
0 0.5133333333333333 0.721875 0.195 0.091875
0 0.2425 0.685 0.1375 0.076875
0 0.3516666666666667 0.56125 0.13708333333333333 0.08125
0 0.1725 0.565 0.09416666666666666 0.06375
0 0.06166666666666667 0.549375 0.0725 0.063125
0 0.06541666666666666 0.46 0.04541666666666667 0.036875
0 0.145 0.4525 0.05625 0.069375
0 0.2679166666666667 0.4575 0.09333333333333334 0.044375
0 0.24 0.38125 0.06291666666666666 0.033125
0 0.345 0.361875 0.03833333333333333 0.051875
0 0.4725 0.356875 0.10875 0.030625
0 0.45875 0.289375 0.025833333333333333 0.0325
0 0.5941666666666666 0.373125 0.07458333333333333 0.055625
0 0.7375 0.345 0.10083333333333333 0.061875
0 0.84625 0.338125 0.08708333333333333 0.06125
0 0.7508333333333334 0.2775 0.075 0.033125
0 0.6433333333333333 0.2225 0.07291666666666667 0.035