0 0.6425 0.71625 0.19583333333333333 0.059375
0 0.42125 0.69875 0.11208333333333333 0.084375
0 0.16125 0.686875 0.125 0.06125
0 0.10166666666666667 0.55625 0.07833333333333334 0.059375
0 0.21583333333333332 0.571875 0.12041666666666667 0.075
0 0.4033333333333333 0.575625 0.13541666666666666 0.06875
0 0.32 0.450625 0.1 0.06
0 0.16666666666666666 0.460625 0.075 0.050625
0 0.09708333333333333 0.453125 0.0525 0.038125
0 0.28791666666666665 0.37625 0.06 0.030625
0 0.36083333333333334 0.30875 0.03833333333333333 0.0325
0 0.49541666666666667 0.3575 0.05583333333333333 0.03125
0 0.5495833333333333 0.37125 0.034166666666666665 0.05
0 0.8116666666666666 0.345 0.07708333333333334 0.058125
0 0.845 0.25875 0.04791666666666667 0.0325
0 0.8454166666666667 0.1925 0.05 0.04625
0 0.66375 0.23125 0.050416666666666665 0.025625
0 0.5966666666666667 0.2775 0.04375 0.02875
0 0.25458333333333333 0.34625 0.03 0.020625