0 0.4725 0.479375 0.12833333333333333 0.063125
0 0.32666666666666666 0.500625 0.10833333333333334 0.063125
0 0.21333333333333335 0.48875 0.05875 0.0725
0 0.09666666666666666 0.495625 0.06583333333333333 0.04625
0 0.04791666666666667 0.556875 0.05625 0.080625
0 0.06541666666666666 0.4125 0.043333333333333335 0.065625
0 0.2025 0.411875 0.04541666666666667 0.04
0 0.38 0.39625 0.058333333333333334 0.03875
0 0.5241666666666667 0.3875 0.07583333333333334 0.0325
0 0.6829166666666666 0.358125 0.0725 0.050625
0 0.6695833333333333 0.290625 0.05375 0.0275
0 0.52875 0.284375 0.029583333333333333 0.035
0 0.32708333333333334 0.314375 0.03125 0.0325
0 0.4325 0.255625 0.060833333333333336 0.024375