0 0.81125 0.694375 0.14166666666666666 0.11625
0 0.6891666666666667 0.341875 0.03666666666666667 0.0925
0 0.6316666666666667 0.33125 0.05625 0.045625
0 0.535 0.348125 0.07333333333333333 0.029375
0 0.47125 0.316875 0.043333333333333335 0.02875
0 0.3516666666666667 0.2725 0.04541666666666667 0.023125
0 0.27791666666666665 0.445625 0.09541666666666666 0.084375
0 0.3441666666666667 0.591875 0.11 0.05
0 0.18916666666666668 0.575 0.11333333333333333 0.0575
0 0.04625 0.569375 0.09166666666666666 0.04625
0 0.15958333333333333 0.451875 0.07958333333333334 0.044375
0 0.17 0.3575 0.04416666666666667 0.024375
0 0.25708333333333333 0.376875 0.04958333333333333 0.033125