0 0.45875 0.350625 0.056666666666666664 0.0475
0 0.55375 0.33875 0.05458333333333333 0.033125
0 0.49666666666666665 0.2875 0.0275 0.026875
0 0.5420833333333334 0.300625 0.035833333333333335 0.038125
0 0.6708333333333333 0.336875 0.07166666666666667 0.0325
0 0.25458333333333333 0.57875 0.12416666666666666 0.063125
0 0.10791666666666666 0.575 0.11291666666666667 0.04625
0 0.09541666666666666 0.46 0.06666666666666667 0.03125
0 0.12541666666666668 0.373125 0.027083333333333334 0.05375
0 0.21916666666666668 0.445 0.0875 0.076875
0 0.3 0.3625 0.06333333333333334 0.041875
0 0.2966666666666667 0.281875 0.05 0.026875
0 0.32166666666666666 0.315 0.04416666666666667 0.03125
0 0.40375 0.60625 0.10416666666666667 0.055625
0 0.7541666666666667 0.68625 0.15958333333333333 0.06