0 0.09 0.416875 0.0325 0.0425
0 0.29833333333333334 0.411875 0.05 0.0325
0 0.22583333333333333 0.501875 0.08291666666666667 0.04625
0 0.34458333333333335 0.505625 0.11083333333333334 0.05
0 0.5095833333333334 0.466875 0.14208333333333334 0.08125
0 0.5379166666666667 0.3775 0.08291666666666667 0.061875
0 0.7154166666666667 0.365625 0.09833333333333333 0.03875
0 0.70375 0.291875 0.0325 0.029375
0 0.635 0.270625 0.035416666666666666 0.030625
0 0.4141666666666667 0.329375 0.035 0.040625
0 0.4225 0.26125 0.035 0.01875
0 0.3545833333333333 0.27375 0.028333333333333332 0.049375
0 0.04083333333333333 0.566875 0.08 0.048125