0 0.17041666666666666 0.35125 0.025833333333333333 0.026875
0 0.16291666666666665 0.40625 0.042083333333333334 0.054375
0 0.225 0.415 0.05 0.038125
0 0.24666666666666667 0.505625 0.08958333333333333 0.059375
0 0.13625 0.509375 0.07958333333333334 0.05375
0 0.31083333333333335 0.404375 0.06041666666666667 0.03875
0 0.3729166666666667 0.49 0.0925 0.076875
0 0.42916666666666664 0.401875 0.059166666666666666 0.0275
0 0.5604166666666667 0.4725 0.17166666666666666 0.079375
0 0.7116666666666667 0.283125 0.0625 0.038125
0 0.40375 0.256875 0.03125 0.034375