0 0.31166666666666665 0.586875 0.11916666666666667 0.059375
0 0.1575 0.580625 0.10166666666666667 0.0575
0 0.04958333333333333 0.563125 0.08375 0.06
0 0.04 0.458125 0.04833333333333333 0.079375
0 0.17875 0.38125 0.05416666666666667 0.045625
0 0.28375 0.32375 0.03375 0.02125
0 0.26958333333333334 0.285 0.03166666666666667 0.020625
0 0.295 0.36375 0.055 0.044375
0 0.34125 0.329375 0.03 0.03875
0 0.3620833333333333 0.310625 0.041666666666666664 0.034375
0 0.4870833333333333 0.286875 0.041666666666666664 0.035
0 0.7216666666666667 0.279375 0.06666666666666667 0.03125