0 0.48333333333333334 0.5125 0.13958333333333334 0.038125
0 0.35 0.49375 0.09666666666666666 0.06375
0 0.21583333333333332 0.500625 0.07708333333333334 0.058125
0 0.19083333333333333 0.40625 0.03666666666666667 0.044375
0 0.29 0.401875 0.07333333333333333 0.040625
0 0.145 0.35625 0.02875 0.030625
0 0.1025 0.40625 0.029583333333333333 0.04625
0 0.09083333333333334 0.5025 0.05625 0.0425
0 0.7841666666666667 0.2025 0.04 0.038125
0 0.3075 0.723125 0.08833333333333333 0.045
0 0.13875 0.700625 0.12333333333333334 0.05875