0 0.8425 0.47 0.07583333333333334 0.084375
0 0.65875 0.4775 0.09375 0.088125
0 0.5625 0.721875 0.14666666666666667 0.099375
0 0.7645833333333333 0.7025 0.17208333333333334 0.08375
0 0.6870833333333334 0.1975 0.03666666666666667 0.063125
0 0.31 0.500625 0.1075 0.058125
0 0.47041666666666665 0.50375 0.12416666666666666 0.04625
0 0.48583333333333334 0.38875 0.1225 0.033125
0 0.3441666666666667 0.389375 0.058333333333333334 0.065625
0 0.1575 0.491875 0.095 0.06875
0 0.2775 0.689375 0.1275 0.060625
0 0.06833333333333333 0.6775 0.10958333333333334 0.041875
0 0.05458333333333333 0.370625 0.035 0.026875
0 0.27291666666666664 0.341875 0.0325 0.033125
0 0.23916666666666667 0.415 0.0475 0.029375