0 0.43416666666666665 0.508125 0.11333333333333333 0.0475
0 0.6358333333333334 0.491875 0.07 0.06125
0 0.8229166666666666 0.4725 0.13416666666666666 0.073125
0 0.7870833333333334 0.71125 0.12416666666666666 0.074375
0 0.42583333333333334 0.7125 0.1175 0.07125
0 0.19333333333333333 0.695625 0.07958333333333334 0.0575
0 0.2579166666666667 0.5075 0.095 0.05375
0 0.3120833333333333 0.41 0.057916666666666665 0.02875
0 0.4220833333333333 0.38875 0.06291666666666666 0.0425
0 0.45708333333333334 0.318125 0.018333333333333333 0.02875
0 0.5833333333333334 0.22125 0.0375 0.04625
0 0.19958333333333333 0.42 0.049166666666666664 0.02875
0 0.17583333333333334 0.3575 0.029166666666666667 0.0225
0 0.0225 0.66875 0.041666666666666664 0.04625