0 0.49541666666666667 0.699375 0.18875 0.090625
0 0.22458333333333333 0.683125 0.12041666666666667 0.083125
0 0.29125 0.508125 0.11666666666666667 0.04375
0 0.41291666666666665 0.46125 0.11833333333333333 0.04625
0 0.48791666666666667 0.47125 0.0675 0.11125
0 0.44708333333333333 0.37375 0.04833333333333333 0.075
0 0.46541666666666665 0.31 0.03916666666666667 0.033125
0 0.5870833333333333 0.291875 0.027083333333333334 0.048125
0 0.6041666666666666 0.36375 0.07 0.059375
0 0.6620833333333334 0.493125 0.12583333333333332 0.0675
0 0.22291666666666668 0.413125 0.03666666666666667 0.034375
0 0.27 0.34125 0.019166666666666665 0.026875
0 0.19333333333333333 0.354375 0.023333333333333334 0.019375
0 0.33 0.39375 0.06041666666666667 0.06
0 0.05583333333333333 0.66875 0.11083333333333334 0.048125
0 0.1225 0.355625 0.03833333333333333 0.025625
0 0.8325 0.673125 0.12041666666666667 0.174375
0 0.9 0.466875 0.07708333333333334 0.109375