0 0.7120833333333333 0.699375 0.10166666666666667 0.059375
0 0.7983333333333333 0.478125 0.09583333333333334 0.0675
0 0.8629166666666667 0.23375 0.03833333333333333 0.041875
0 0.8983333333333333 0.215 0.024166666666666666 0.05
0 0.7004166666666667 0.3625 0.08291666666666667 0.045625
0 0.5933333333333334 0.504375 0.07041666666666667 0.04375
0 0.51875 0.39 0.07083333333333333 0.03875
0 0.3983333333333333 0.686875 0.07333333333333333 0.083125
0 0.48041666666666666 0.58875 0.12958333333333333 0.0725
0 0.5295833333333333 0.309375 0.03666666666666667 0.033125
0 0.335 0.460625 0.11166666666666666 0.03625
0 0.37833333333333335 0.503125 0.12333333333333334 0.041875
0 0.17958333333333334 0.68125 0.05583333333333333 0.038125
0 0.16833333333333333 0.420625 0.03333333333333333 0.030625
0 0.27166666666666667 0.4025 0.03958333333333333 0.035
0 0.1225 0.40625 0.042083333333333334 0.040625