0 0.15916666666666668 0.41 0.051666666666666666 0.04625
0 0.1075 0.515 0.07458333333333333 0.041875
0 0.255 0.50875 0.07875 0.03625
0 0.33 0.408125 0.0425 0.033125
0 0.4225 0.4 0.045 0.033125
0 0.38958333333333334 0.498125 0.09666666666666666 0.05
0 0.5533333333333333 0.498125 0.12 0.055625
0 0.7825 0.458125 0.10083333333333333 0.0725
0 0.8508333333333333 0.250625 0.04583333333333333 0.05625
0 0.7495833333333334 0.36 0.08958333333333333 0.04625
0 0.6470833333333333 0.26 0.037083333333333336 0.036875
0 0.32166666666666666 0.261875 0.02666666666666667 0.049375