0 0.64375 0.689375 0.20541666666666666 0.084375
0 0.8233333333333334 0.47875 0.11708333333333333 0.075625
0 0.6708333333333333 0.37125 0.10333333333333333 0.03875
0 0.5129166666666667 0.39875 0.06291666666666666 0.02875
0 0.5620833333333334 0.49 0.10416666666666667 0.06
0 0.475 0.591875 0.12708333333333333 0.06875
0 0.33708333333333335 0.703125 0.17 0.075
0 0.32416666666666666 0.568125 0.12166666666666667 0.05625
0 0.39666666666666667 0.429375 0.056666666666666664 0.08125
0 0.21833333333333332 0.464375 0.09916666666666667 0.0525
0 0.2629166666666667 0.411875 0.057916666666666665 0.029375
0 0.31666666666666665 0.33125 0.028333333333333332 0.035
0 0.23583333333333334 0.345 0.035416666666666666 0.030625
0 0.20708333333333334 0.398125 0.03375 0.0425
0 0.14833333333333334 0.684375 0.145 0.051875
0 0.020416666666666666 0.673125 0.034166666666666665 0.0575
0 0.8683333333333333 0.224375 0.025416666666666667 0.05375
0 0.8658333333333333 0.330625 0.04833333333333333 0.083125