0 0.5091666666666667 0.714375 0.17541666666666667 0.09
0 0.72875 0.476875 0.10916666666666666 0.085
0 0.85625 0.65625 0.08625 0.134375
0 0.82 0.345625 0.08375 0.06
0 0.5820833333333333 0.2975 0.04416666666666667 0.033125
0 0.46708333333333335 0.499375 0.08666666666666667 0.055625
0 0.4483333333333333 0.44125 0.11041666666666666 0.038125
0 0.3283333333333333 0.396875 0.05583333333333333 0.049375
0 0.2683333333333333 0.470625 0.11291666666666667 0.050625
0 0.2325 0.4025 0.03375 0.0575
0 0.06708333333333333 0.66375 0.11458333333333333 0.079375
0 0.24875 0.6975 0.11916666666666667 0.075625
0 0.3729166666666667 0.566875 0.13125 0.06