0 0.38 0.70875 0.18166666666666667 0.06
0 0.44 0.5775 0.10875 0.0725
0 0.5945833333333334 0.480625 0.10041666666666667 0.0725
0 0.5370833333333334 0.386875 0.06833333333333333 0.04
0 0.69625 0.365 0.0925 0.05
0 0.78 0.263125 0.037083333333333336 0.065625
0 0.8483333333333334 0.47125 0.08333333333333333 0.0925
0 0.6879166666666666 0.689375 0.19375 0.081875
0 0.1725 0.694375 0.11208333333333333 0.06125
0 0.285 0.565 0.09416666666666666 0.0725
0 0.38333333333333336 0.4475 0.10416666666666667 0.044375
0 0.38625 0.40375 0.04833333333333333 0.036875
0 0.28708333333333336 0.404375 0.051666666666666666 0.035
0 0.20583333333333334 0.475 0.1125 0.048125
0 0.025833333333333333 0.670625 0.043333333333333335 0.048125