0 0.75125 0.68875 0.17125 0.080625
0 0.8695833333333334 0.455 0.06833333333333333 0.115625
0 0.635 0.473125 0.09958333333333333 0.086875
0 0.7333333333333333 0.350625 0.05 0.0825
0 0.805 0.266875 0.03375 0.04
0 0.6520833333333333 0.28125 0.049166666666666664 0.033125
0 0.57875 0.375625 0.07958333333333334 0.04375
0 0.41625 0.40125 0.07166666666666667 0.026875
0 0.4075 0.57125 0.08916666666666667 0.066875
0 0.40291666666666665 0.708125 0.15958333333333333 0.0825
0 0.21333333333333335 0.6875 0.1 0.0675
0 0.07291666666666667 0.670625 0.1025 0.05375
0 0.18708333333333332 0.471875 0.07916666666666666 0.0525
0 0.24416666666666667 0.566875 0.09208333333333334 0.05375
0 0.25333333333333335 0.345625 0.04 0.02875
0 0.3333333333333333 0.329375 0.03666666666666667 0.04375
0 0.35041666666666665 0.269375 0.04541666666666667 0.029375
0 0.3541666666666667 0.4525 0.10416666666666667 0.0425
0 0.5233333333333333 0.313125 0.06208333333333333 0.025625