0 0.5854166666666667 0.721875 0.16041666666666668 0.085625
0 0.33708333333333335 0.7 0.16625 0.08
0 0.15583333333333332 0.68625 0.12333333333333334 0.064375
0 0.2995833333333333 0.566875 0.12333333333333334 0.051875
0 0.44208333333333333 0.60625 0.10791666666666666 0.058125
0 0.16916666666666666 0.563125 0.09333333333333334 0.055625
0 0.13 0.476875 0.07125 0.044375
0 0.26666666666666666 0.449375 0.08416666666666667 0.04375
0 0.2920833333333333 0.38875 0.04666666666666667 0.03875
0 0.36041666666666666 0.458125 0.07291666666666667 0.050625
0 0.49125 0.455625 0.07125 0.04625
0 0.4716666666666667 0.3875 0.095 0.058125
0 0.6866666666666666 0.37375 0.09125 0.049375
0 0.7533333333333333 0.471875 0.12541666666666668 0.065625
0 0.8316666666666667 0.346875 0.0775 0.0475
0 0.8716666666666667 0.2225 0.019166666666666665 0.045625
0 0.9041666666666667 0.21875 0.020833333333333332 0.04625
0 0.7316666666666667 0.2825 0.05 0.0275
0 0.38708333333333333 0.32375 0.03958333333333333 0.03625
0 0.29875 0.33375 0.037083333333333336 0.041875
0 0.17166666666666666 0.354375 0.029166666666666667 0.025