0 0.65 0.708125 0.20291666666666666 0.080625
0 0.80375 0.474375 0.0975 0.0675
0 0.8529166666666667 0.3325 0.06 0.066875
0 0.6954166666666667 0.3725 0.065 0.040625
0 0.60375 0.3025 0.05 0.03125
0 0.8691666666666666 0.2225 0.019166666666666665 0.034375
0 0.4025 0.588125 0.10375 0.07125
0 0.38916666666666666 0.71625 0.17375 0.06375
0 0.17375 0.696875 0.10541666666666667 0.05625
0 0.27416666666666667 0.569375 0.11333333333333333 0.0575
0 0.13583333333333333 0.5525 0.07666666666666666 0.0575
0 0.10333333333333333 0.464375 0.04666666666666667 0.050625
0 0.25583333333333336 0.446875 0.06208333333333333 0.04375
0 0.3441666666666667 0.454375 0.08916666666666667 0.04
0 0.3754166666666667 0.405625 0.056666666666666664 0.0275
0 0.46166666666666667 0.44875 0.08083333333333333 0.05625
0 0.30583333333333335 0.341875 0.03666666666666667 0.03625
0 0.2875 0.274375 0.0375 0.030625