0 0.5495833333333333 0.715 0.1425 0.09375
0 0.29041666666666666 0.704375 0.14541666666666667 0.078125
0 0.19916666666666666 0.57 0.0875 0.061875
0 0.34833333333333333 0.570625 0.14166666666666666 0.05625
0 0.38 0.45875 0.07 0.069375
0 0.44666666666666666 0.39375 0.06583333333333333 0.049375
0 0.4725 0.318125 0.024166666666666666 0.02875
0 0.70625 0.279375 0.07083333333333333 0.0425
0 0.7883333333333333 0.351875 0.09416666666666666 0.075625
0 0.70125 0.486875 0.13916666666666666 0.0425
0 0.6308333333333334 0.3675 0.0525 0.059375
0 0.8691666666666666 0.220625 0.027083333333333334 0.045625
0 0.9045833333333333 0.21625 0.0225 0.0525
0 0.12083333333333333 0.68125 0.09625 0.051875
0 0.15291666666666667 0.46875 0.08375 0.050625
0 0.17333333333333334 0.41 0.037083333333333336 0.048125
0 0.27416666666666667 0.395625 0.04666666666666667 0.034375
0 0.27708333333333335 0.348125 0.049166666666666664 0.0275