0 0.8083333333333333 0.461875 0.12833333333333333 0.0925
0 0.74 0.363125 0.060833333333333336 0.050625
0 0.7891666666666667 0.27 0.035833333333333335 0.038125
0 0.8641666666666666 0.22 0.01625 0.04
0 0.8983333333333333 0.243125 0.023333333333333334 0.04375
0 0.75625 0.706875 0.15916666666666668 0.084375
0 0.42875 0.716875 0.1075 0.070625
0 0.38 0.58 0.10916666666666666 0.0675
0 0.44625 0.4475 0.09 0.0575
0 0.5254166666666666 0.384375 0.07083333333333333 0.0425
0 0.315 0.45375 0.09375 0.0425
0 0.24958333333333332 0.564375 0.09666666666666666 0.049375
0 0.195 0.6975 0.08083333333333333 0.05
0 0.11583333333333333 0.561875 0.10875 0.04625
0 0.095 0.474375 0.08375 0.038125
0 0.08958333333333333 0.404375 0.04375 0.061875
0 0.19458333333333333 0.354375 0.04125 0.025
0 0.32458333333333333 0.335 0.04541666666666667 0.03125
0 0.415 0.3275 0.035 0.0275
0 0.5220833333333333 0.31375 0.043333333333333335 0.0275