0 0.3858333333333333 0.375 0.09833333333333333 0.079375
0 0.40125 0.465625 0.1025 0.086875
0 0.64625 0.2975 0.09083333333333334 0.06875
0 0.6329166666666667 0.36375 0.09 0.0825
0 0.7875 0.255 0.04041666666666666 0.04125
0 0.9845833333333334 0.328125 0.028333333333333332 0.03625
0 0.8366666666666667 0.386875 0.0775 0.026875
0 0.9045833333333333 0.290625 0.04958333333333333 0.080625
0 0.8833333333333333 0.229375 0.028333333333333332 0.036875
0 0.9354166666666667 0.158125 0.02875 0.033125
0 0.8570833333333333 0.179375 0.0275 0.026875
0 0.9370833333333334 0.216875 0.025833333333333333 0.02875
0 0.98 0.200625 0.0275 0.028125
0 0.3045833333333333 0.338125 0.0225 0.026875
0 0.72875 0.465 0.13625 0.075625
0 0.7108333333333333 0.391875 0.07625 0.04625