0 0.45666666666666667 0.448125 0.12958333333333333 0.0675
0 0.6329166666666667 0.350625 0.1 0.059375
0 0.76625 0.30375 0.08958333333333333 0.048125
0 0.88625 0.27875 0.0525 0.0275
0 0.92125 0.25375 0.04583333333333333 0.01875
0 0.83 0.173125 0.0225 0.043125
0 0.7908333333333334 0.214375 0.037083333333333336 0.028125
0 0.6875 0.24625 0.05458333333333333 0.043125
0 0.6108333333333333 0.231875 0.050416666666666665 0.035
0 0.5341666666666667 0.3 0.07875 0.040625
0 0.39916666666666667 0.3675 0.08208333333333333 0.05875
0 0.5266666666666666 0.263125 0.04833333333333333 0.030625