0 0.3775 0.495625 0.0775 0.075625
0 0.3283333333333333 0.334375 0.04791666666666667 0.038125
0 0.4608333333333333 0.33125 0.05875 0.063125
0 0.4691666666666667 0.271875 0.050833333333333335 0.033125
0 0.54625 0.398125 0.09833333333333333 0.075
0 0.7079166666666666 0.33375 0.08833333333333333 0.070625
0 0.8808333333333334 0.27125 0.051666666666666666 0.058125
0 0.9833333333333333 0.24375 0.032916666666666664 0.04
0 0.7566666666666667 0.225625 0.034166666666666665 0.0275
0 0.6395833333333333 0.261875 0.056666666666666664 0.049375
0 0.8133333333333334 0.21625 0.041666666666666664 0.024375