0 0.5416666666666666 0.413125 0.10875 0.06625
0 0.7008333333333333 0.3275 0.06541666666666666 0.045625
0 0.825 0.2875 0.04875 0.03125
0 0.9141666666666667 0.261875 0.029583333333333333 0.0275
0 0.9525 0.246875 0.035833333333333335 0.021875
0 0.7425 0.22375 0.05375 0.033125
0 0.59125 0.273125 0.06541666666666666 0.02875
0 0.4691666666666667 0.324375 0.07833333333333334 0.0475
0 0.31583333333333335 0.415625 0.0325 0.050625
0 0.3145833333333333 0.34 0.03666666666666667 0.061875
0 0.5654166666666667 0.249375 0.03875 0.03625