0 0.38416666666666666 0.68375 0.10291666666666667 0.148125
0 0.5725 0.545625 0.16166666666666665 0.120625
0 0.3416666666666667 0.510625 0.07125 0.1025
0 0.49 0.266875 0.035833333333333335 0.045625
0 0.7933333333333333 0.344375 0.08416666666666667 0.08125
0 0.8075 0.425 0.08625 0.06875
0 0.9091666666666667 0.304375 0.0475 0.050625
0 0.9683333333333334 0.28625 0.04125 0.031875
0 0.905 0.220625 0.03 0.034375
0 0.8404166666666667 0.238125 0.044583333333333336 0.04625
0 0.80875 0.183125 0.025833333333333333 0.021875
0 0.95875 0.20375 0.029583333333333333 0.04
0 0.7533333333333333 0.26625 0.04583333333333333 0.035