0 0.4166666666666667 0.650625 0.1725 0.116875
0 0.6470833333333333 0.5 0.14958333333333335 0.086875
0 0.8220833333333334 0.406875 0.07708333333333334 0.04125
0 0.59125 0.3775 0.13125 0.058125
0 0.6225 0.298125 0.056666666666666664 0.05625
0 0.4579166666666667 0.330625 0.09208333333333334 0.046875
0 0.3458333333333333 0.498125 0.08 0.088125
0 0.35125 0.309375 0.05458333333333333 0.035
0 0.6075 0.235 0.04 0.026875
0 0.86 0.230625 0.03916666666666667 0.023125
0 0.7591666666666667 0.250625 0.051666666666666666 0.0475
0 0.9220833333333334 0.210625 0.03833333333333333 0.02375