0 0.3908333333333333 0.679375 0.155 0.129375
0 0.6133333333333333 0.51875 0.17416666666666666 0.09375
0 0.8120833333333334 0.426875 0.10125 0.058125
0 0.8858333333333334 0.32125 0.05333333333333334 0.0475
0 0.9570833333333333 0.2775 0.052083333333333336 0.061875
0 0.86625 0.229375 0.03 0.031875
0 0.92375 0.2125 0.0475 0.035
0 0.6408333333333334 0.305625 0.08083333333333333 0.054375
0 0.5604166666666667 0.385625 0.11291666666666667 0.064375
0 0.43416666666666665 0.33375 0.056666666666666664 0.045
0 0.3425 0.425625 0.04958333333333333 0.044375
0 0.33625 0.324375 0.04958333333333333 0.0275
0 0.395 0.238125 0.05333333333333334 0.04125
0 0.5275 0.1975 0.03875 0.035