0 0.4608333333333333 0.6275 0.135 0.1225
0 0.5783333333333334 0.68625 0.17958333333333334 0.1225
0 0.6979166666666666 0.49 0.11458333333333333 0.079375
0 0.8279166666666666 0.40625 0.08083333333333333 0.055625
0 0.5754166666666667 0.3225 0.04583333333333333 0.049375
0 0.6758333333333333 0.285625 0.08083333333333333 0.05375
0 0.8229166666666666 0.245625 0.03375 0.03125
0 0.9479166666666666 0.29 0.0475 0.04375
0 0.9029166666666667 0.22125 0.04625 0.024375
0 0.3720833333333333 0.39 0.0775 0.056875
0 0.44208333333333333 0.285625 0.05458333333333333 0.040625
0 0.34 0.27875 0.051666666666666666 0.035
0 0.7795833333333333 0.60125 0.08791666666666667 0.080625