0 0.38333333333333336 0.67875 0.1025 0.145625
0 0.5995833333333334 0.545 0.15291666666666667 0.1025
0 0.7025 0.63 0.17708333333333334 0.135
0 0.7741666666666667 0.435 0.08208333333333333 0.070625
0 0.8879166666666667 0.296875 0.04625 0.061875
0 0.9708333333333333 0.281875 0.04541666666666667 0.041875
0 0.5154166666666666 0.35 0.06208333333333333 0.04625
0 0.48833333333333334 0.2775 0.0625 0.033125
0 0.6225 0.316875 0.050833333333333335 0.03
0 0.7241666666666666 0.2775 0.07166666666666667 0.036875
0 0.3333333333333333 0.415 0.06833333333333333 0.06
0 0.9120833333333334 0.525 0.065 0.07125