0 0.49583333333333335 0.5925 0.18041666666666667 0.13375
0 0.72125 0.46625 0.14625 0.076875
0 0.7491666666666666 0.591875 0.12208333333333334 0.1025
0 0.9833333333333333 0.266875 0.02666666666666667 0.034375
0 0.9416666666666667 0.214375 0.03208333333333333 0.02625
0 0.8704166666666666 0.2325 0.041666666666666664 0.038125
0 0.7854166666666667 0.255625 0.055 0.036875
0 0.6941666666666667 0.290625 0.05291666666666667 0.041875
0 0.6354166666666666 0.235 0.050833333333333335 0.033125
0 0.36916666666666664 0.291875 0.056666666666666664 0.029375
0 0.3641666666666667 0.74 0.11375 0.07875