0 0.37083333333333335 0.7475 0.10875 0.08
0 0.5504166666666667 0.554375 0.17125 0.13125
0 0.7466666666666667 0.43625 0.145 0.083125
0 0.7466666666666667 0.579375 0.12958333333333333 0.111875
0 0.8225 0.33375 0.043333333333333335 0.061875
0 0.87375 0.226875 0.03791666666666667 0.026875
0 0.55625 0.326875 0.060833333333333336 0.058125
0 0.4895833333333333 0.24625 0.03375 0.036875
0 0.5191666666666667 0.266875 0.042916666666666665 0.03125
0 0.31375 0.4225 0.04875 0.055625
0 0.98875 0.33 0.0225 0.036875