0 0.49541666666666667 0.596875 0.15208333333333332 0.11
0 0.45916666666666667 0.716875 0.18125 0.070625
0 0.69 0.4725 0.12333333333333334 0.0825
0 0.8475 0.3975 0.04708333333333333 0.041875
0 0.685 0.2875 0.044583333333333336 0.03875
0 0.5945833333333334 0.328125 0.03916666666666667 0.03125
0 0.5479166666666667 0.258125 0.03125 0.02875
0 0.7675 0.13125 0.0275 0.036875
0 0.90625 0.1625 0.0325 0.03375
0 0.9183333333333333 0.289375 0.050833333333333335 0.033125
0 0.8333333333333334 0.319375 0.09166666666666666 0.070625