0 0.4633333333333333 0.61875 0.16833333333333333 0.1275
0 0.43583333333333335 0.706875 0.17458333333333334 0.089375
0 0.7175 0.473125 0.11916666666666667 0.083125
0 0.8645833333333334 0.3125 0.04625 0.061875
0 0.8533333333333334 0.39875 0.03916666666666667 0.036875
0 0.9370833333333334 0.284375 0.06708333333333333 0.053125
0 0.92875 0.21375 0.04625 0.029375
0 0.87375 0.22125 0.030416666666666668 0.04625
0 0.7358333333333333 0.26625 0.041666666666666664 0.04875
0 0.8058333333333333 0.2475 0.042083333333333334 0.04125
0 0.3254166666666667 0.28625 0.0225 0.041875