0 0.37083333333333335 0.71 0.12958333333333333 0.101875
0 0.30833333333333335 0.290625 0.035 0.040625
0 0.6054166666666667 0.50875 0.15375 0.08625
0 0.6379166666666667 0.625 0.17916666666666667 0.09875
0 0.79875 0.425 0.125 0.073125
0 0.91 0.301875 0.05125 0.045
0 0.8470833333333333 0.235 0.0325 0.035
0 0.9083333333333333 0.225625 0.032916666666666664 0.033125
0 0.6125 0.23375 0.04125 0.03125
0 0.755 0.170625 0.024166666666666666 0.016875
0 0.9770833333333333 0.274375 0.043333333333333335 0.055625