0 0.69375 0.469375 0.14625 0.101875
0 0.8341666666666666 0.395625 0.07291666666666667 0.045625
0 0.8808333333333334 0.269375 0.07541666666666667 0.033125
0 0.7366666666666667 0.31125 0.07958333333333334 0.045625
0 0.42083333333333334 0.465 0.08916666666666667 0.066875
0 0.35833333333333334 0.4 0.07541666666666667 0.055625
0 0.41125 0.285 0.055 0.03375
0 0.46791666666666665 0.323125 0.06125 0.031875
0 0.5433333333333333 0.254375 0.0475 0.04
0 0.48 0.210625 0.028333333333333332 0.03125
0 0.80875 0.226875 0.04541666666666667 0.031875
0 0.63375 0.2625 0.0925 0.044375