0 0.725 0.45625 0.12666666666666668 0.091875
0 0.8425 0.40125 0.06541666666666666 0.0425
0 0.98625 0.323125 0.0275 0.0375
0 0.8825 0.26625 0.06666666666666667 0.03875
0 0.7675 0.30125 0.09833333333333333 0.044375
0 0.5620833333333334 0.22875 0.044583333333333336 0.035
0 0.4266666666666667 0.273125 0.043333333333333335 0.04375
0 0.37833333333333335 0.373125 0.06625 0.058125
0 0.4425 0.449375 0.09625 0.065625
0 0.65 0.25875 0.08791666666666667 0.05125
0 0.74375 0.225625 0.0475 0.024375
0 0.8654166666666666 0.13125 0.027916666666666666 0.01875