0 0.42583333333333334 0.651875 0.18166666666666667 0.10625
0 0.63 0.5075 0.16375 0.088125
0 0.6925 0.3975 0.10583333333333333 0.075
0 0.7454166666666666 0.310625 0.07833333333333334 0.035625
0 0.83625 0.330625 0.07625 0.066875
0 0.8341666666666666 0.413125 0.06666666666666667 0.07375
0 0.3908333333333333 0.490625 0.09625 0.061875
0 0.47208333333333335 0.32875 0.07416666666666667 0.049375
0 0.4125 0.2825 0.029583333333333333 0.03125
0 0.5491666666666667 0.256875 0.032916666666666664 0.0225
0 0.5925 0.275 0.06125 0.029375
0 0.67875 0.27875 0.04875 0.056875
0 0.7304166666666667 0.133125 0.03375 0.03625
0 0.7975 0.119375 0.025833333333333333 0.031875