0 0.40625 0.675625 0.15625 0.1225
0 0.5875 0.5225 0.1725 0.1025
0 0.7241666666666666 0.38125 0.06833333333333333 0.06
0 0.7408333333333333 0.3075 0.0675 0.04375
0 0.8129166666666666 0.408125 0.09208333333333334 0.053125
0 0.85375 0.305625 0.0575 0.0625
0 0.3720833333333333 0.501875 0.13916666666666666 0.075625
0 0.5208333333333334 0.40125 0.10333333333333333 0.05875
0 0.44083333333333335 0.3325 0.052083333333333336 0.041875
0 0.43291666666666667 0.296875 0.03916666666666667 0.029375
0 0.585 0.279375 0.07041666666666667 0.036875
0 0.6366666666666667 0.1525 0.010416666666666666 0.034375