0 0.5633333333333334 0.556875 0.16291666666666665 0.108125
0 0.5733333333333334 0.453125 0.08625 0.0725
0 0.41541666666666666 0.356875 0.06583333333333333 0.041875
0 0.47125 0.28375 0.0275 0.021875
0 0.5420833333333334 0.295625 0.06625 0.038125
0 0.6366666666666667 0.343125 0.08833333333333333 0.045
0 0.6758333333333333 0.25 0.06791666666666667 0.03375
0 0.6108333333333333 0.236875 0.03208333333333333 0.03625
0 0.73375 0.451875 0.08916666666666667 0.066875
0 0.7883333333333333 0.358125 0.08458333333333333 0.054375
0 0.8208333333333333 0.29125 0.059166666666666666 0.041875
0 0.7554166666666666 0.231875 0.03916666666666667 0.035
0 0.9333333333333333 0.188125 0.042083333333333334 0.02875