0 0.48375 0.639375 0.14166666666666666 0.11625
0 0.68875 0.470625 0.14625 0.063125
0 0.6529166666666667 0.408125 0.10291666666666667 0.09
0 0.5879166666666666 0.355625 0.12625 0.0675
0 0.6270833333333333 0.264375 0.06625 0.02875
0 0.655 0.221875 0.03666666666666667 0.026875
0 0.4483333333333333 0.276875 0.07583333333333334 0.03625
0 0.38 0.251875 0.02125 0.045
0 0.35625 0.393125 0.07 0.063125
0 0.8466666666666667 0.3975 0.06291666666666666 0.03125
0 0.81375 0.3475 0.09333333333333334 0.054375
0 0.7866666666666666 0.30625 0.08708333333333333 0.0475