0 0.39666666666666667 0.67125 0.09833333333333333 0.12125
0 0.57 0.66125 0.20375 0.115
0 0.64625 0.5075 0.12333333333333334 0.09
0 0.35375 0.49625 0.08666666666666667 0.0725
0 0.46541666666666665 0.329375 0.050833333333333335 0.036875
0 0.5395833333333333 0.255625 0.04791666666666667 0.035625
0 0.6533333333333333 0.2575 0.050833333333333335 0.034375
0 0.8220833333333334 0.19625 0.032916666666666664 0.049375
0 0.83625 0.41375 0.06625 0.054375
0 0.9325 0.285625 0.050416666666666665 0.0575
0 0.35375 0.373125 0.043333333333333335 0.061875
0 0.7345833333333334 0.13125 0.029583333333333333 0.03125
0 0.6216666666666667 0.36625 0.11333333333333333 0.065