0 0.5370833333333334 0.576875 0.13583333333333333 0.095
0 0.33458333333333334 0.425625 0.060833333333333336 0.049375
0 0.45416666666666666 0.335 0.0475 0.039375
0 0.40458333333333335 0.2275 0.027916666666666666 0.0475
0 0.50625 0.189375 0.025416666666666667 0.033125
0 0.6104166666666667 0.233125 0.03875 0.026875
0 0.7308333333333333 0.456875 0.10333333333333333 0.08125
0 0.7516666666666667 0.565625 0.11 0.086875
0 0.8525 0.3975 0.035833333333333335 0.0525
0 0.9208333333333333 0.28375 0.03916666666666667 0.075625
0 0.86625 0.1625 0.025416666666666667 0.03375
0 0.79125 0.184375 0.04 0.025625
0 0.6870833333333334 0.229375 0.025416666666666667 0.066875
0 0.9808333333333333 0.270625 0.03833333333333333 0.04125
0 0.4175 0.7375 0.16166666666666665 0.074375