0 0.4295833333333333 0.655625 0.14083333333333334 0.12625
0 0.60625 0.655 0.15 0.109375
0 0.6758333333333333 0.499375 0.12833333333333333 0.074375
0 0.8279166666666666 0.4025 0.07916666666666666 0.04375
0 0.8416666666666667 0.31625 0.07458333333333333 0.055
0 0.7758333333333334 0.253125 0.04583333333333333 0.034375
0 0.8491666666666666 0.223125 0.0425 0.03375
0 0.9408333333333333 0.285 0.030833333333333334 0.04375
0 0.3458333333333333 0.399375 0.03166666666666667 0.04375
0 0.44083333333333335 0.3575 0.06416666666666666 0.04125
0 0.5233333333333333 0.30125 0.04666666666666667 0.024375
0 0.51 0.21625 0.0325 0.03125
0 0.6591666666666667 0.2825 0.09833333333333333 0.049375
0 0.7470833333333333 0.19875 0.03 0.034375
0 0.83125 0.1725 0.027916666666666666 0.026875