0 0.525 0.57 0.12958333333333333 0.101875
0 0.7079166666666666 0.4775 0.1325 0.073125
0 0.7654166666666666 0.575 0.08833333333333333 0.0875
0 0.8479166666666667 0.4 0.05333333333333334 0.04
0 0.7208333333333333 0.270625 0.03833333333333333 0.045625
0 0.5808333333333333 0.318125 0.065 0.0525
0 0.6129166666666667 0.235625 0.0425 0.03125
0 0.31625 0.2875 0.015416666666666667 0.035
0 0.91875 0.16 0.019166666666666665 0.01875
0 0.9391666666666667 0.205 0.04416666666666667 0.0275
0 0.9625 0.150625 0.020416666666666666 0.01875
0 0.83375 0.24125 0.035833333333333335 0.031875
0 0.35541666666666666 0.75625 0.1225 0.05875