0 0.4354166666666667 0.656875 0.1475 0.1175
0 0.6245833333333334 0.6625 0.16166666666666665 0.095625
0 0.6404166666666666 0.50375 0.11291666666666667 0.088125
0 0.7920833333333334 0.44 0.09791666666666667 0.073125
0 0.6579166666666667 0.28625 0.0475 0.05625
0 0.38333333333333336 0.374375 0.07333333333333333 0.05125
0 0.65875 0.218125 0.037083333333333336 0.025625
0 0.55625 0.25875 0.0475 0.033125
0 0.9466666666666667 0.283125 0.04708333333333333 0.048125
0 0.92125 0.20875 0.034583333333333334 0.0225
0 0.8916666666666667 0.166875 0.027916666666666666 0.020625