0 0.5233333333333333 0.59625 0.16875 0.144375
0 0.45375 0.7275 0.19958333333333333 0.083125
0 0.7108333333333333 0.46375 0.12125 0.086875
0 0.83875 0.401875 0.06416666666666666 0.05125
0 0.5129166666666667 0.26625 0.052083333333333336 0.05375
0 0.6716666666666666 0.256875 0.049166666666666664 0.031875
0 0.625 0.229375 0.03333333333333333 0.035
0 0.49291666666666667 0.201875 0.02666666666666667 0.024375
0 0.58125 0.175 0.028333333333333332 0.029375
0 0.9291666666666667 0.294375 0.050416666666666665 0.04625
0 0.9 0.21625 0.051666666666666666 0.034375