0 0.3825 0.668125 0.09916666666666667 0.13875
0 0.5979166666666667 0.536875 0.15375 0.096875
0 0.68375 0.611875 0.15458333333333332 0.081875
0 0.79625 0.420625 0.08291666666666667 0.069375
0 0.8875 0.309375 0.07041666666666667 0.0575
0 0.3045833333333333 0.2925 0.03166666666666667 0.031875
0 0.9108333333333334 0.22125 0.02875 0.02375
0 0.9758333333333333 0.27625 0.044583333333333336 0.03875
0 0.94 0.36625 0.03666666666666667 0.029375
0 0.7966666666666666 0.25 0.02666666666666667 0.03625
0 0.7145833333333333 0.21 0.018333333333333333 0.019375