0 0.42875 0.64125 0.13 0.10875
0 0.50125 0.701875 0.11958333333333333 0.076875
0 0.6320833333333333 0.514375 0.145 0.079375
0 0.7954166666666667 0.43375 0.09541666666666666 0.061875
0 0.8329166666666666 0.331875 0.04541666666666667 0.065625
0 0.74875 0.263125 0.05583333333333333 0.038125
0 0.6320833333333333 0.3075 0.065 0.0475
0 0.5291666666666667 0.30875 0.06625 0.041875
0 0.5054166666666666 0.270625 0.04416666666666667 0.038125
0 0.5445833333333333 0.229375 0.017083333333333332 0.019375
0 0.3775 0.243125 0.028333333333333332 0.054375
0 0.3045833333333333 0.295625 0.02375 0.030625