0 0.3595833333333333 0.72125 0.11166666666666666 0.083125
0 0.5825 0.543125 0.19208333333333333 0.108125
0 0.7270833333333333 0.5975 0.14625 0.1
0 0.7916666666666666 0.424375 0.1225 0.070625
0 0.9116666666666666 0.30625 0.04416666666666667 0.045625
0 0.8716666666666667 0.22375 0.030833333333333334 0.0375
0 0.72125 0.200625 0.029166666666666667 0.0275
0 0.9841666666666666 0.3275 0.028333333333333332 0.024375
0 0.98125 0.275625 0.0375 0.04375
0 0.9725 0.205 0.028333333333333332 0.035625
0 0.9216666666666666 0.218125 0.032916666666666664 0.020625