0 0.47125 0.62875 0.11708333333333333 0.10375
0 0.6729166666666667 0.498125 0.1475 0.08125
0 0.7620833333333333 0.58375 0.09916666666666667 0.095625
0 0.8958333333333334 0.30625 0.06041666666666667 0.045625
0 0.8254166666666667 0.234375 0.0325 0.04375
0 0.90375 0.22 0.03333333333333333 0.020625
0 0.8554166666666667 0.174375 0.021666666666666667 0.0225
0 0.7283333333333334 0.205625 0.02875 0.0225
0 0.39916666666666667 0.36 0.04625 0.06
0 0.4125 0.238125 0.02666666666666667 0.0275
0 0.4483333333333333 0.72375 0.13958333333333334 0.061875