0 0.5233333333333333 0.58875 0.12333333333333334 0.10625
0 0.3145833333333333 0.431875 0.0525 0.04375
0 0.3466666666666667 0.265 0.020416666666666666 0.03125
0 0.6133333333333333 0.309375 0.05708333333333333 0.040625
0 0.6625 0.21625 0.04 0.031875
0 0.8575 0.3125 0.05625 0.05375
0 0.9645833333333333 0.283125 0.05291666666666667 0.038125
0 0.9504166666666667 0.213125 0.02375 0.02875
0 0.8670833333333333 0.128125 0.021666666666666667 0.025
0 0.8983333333333333 0.166875 0.015833333333333335 0.02875
0 0.3541666666666667 0.765 0.17916666666666667 0.0675
0 0.72125 0.61125 0.12166666666666667 0.105