0 0.35833333333333334 0.506875 0.0825 0.09
0 0.5016666666666667 0.411875 0.08208333333333333 0.065
0 0.6408333333333334 0.355625 0.1025 0.07
0 0.74125 0.44875 0.125 0.091875
0 0.8545833333333334 0.385625 0.03791666666666667 0.0475
0 0.9841666666666666 0.329375 0.029166666666666667 0.038125
0 0.9691666666666666 0.245 0.044583333333333336 0.031875
0 0.7870833333333334 0.3025 0.07708333333333334 0.050625
0 0.7508333333333334 0.241875 0.04 0.04625
0 0.8875 0.1875 0.032916666666666664 0.025625
0 0.96375 0.181875 0.04 0.02625