0 0.3254166666666667 0.501875 0.065 0.106875
0 0.47541666666666665 0.4275 0.08375 0.05625
0 0.6241666666666666 0.364375 0.10583333333333333 0.063125
0 0.7133333333333334 0.455625 0.11 0.074375
0 0.8433333333333334 0.395 0.06625 0.046875
0 0.7658333333333334 0.316875 0.07708333333333334 0.045625
0 0.8704166666666666 0.27 0.0625 0.039375
0 0.7429166666666667 0.235625 0.057916666666666665 0.04
0 0.6258333333333334 0.279375 0.08791666666666667 0.05125
0 0.50125 0.26 0.03666666666666667 0.04125
0 0.9620833333333333 0.244375 0.04708333333333333 0.035