0 0.39625 0.473125 0.1 0.07
0 0.5416666666666666 0.413125 0.09625 0.074375
0 0.6941666666666667 0.338125 0.08416666666666667 0.066875
0 0.79125 0.4275 0.09083333333333334 0.074375
0 0.6191666666666666 0.518125 0.11583333333333333 0.09625
0 0.83375 0.279375 0.08416666666666667 0.036875
0 0.93 0.254375 0.0575 0.034375
0 0.7004166666666667 0.245625 0.06708333333333333 0.035
0 0.88 0.155625 0.032916666666666664 0.013125
0 0.9341666666666667 0.179375 0.035416666666666666 0.025625
0 0.845 0.19125 0.041666666666666664 0.031875
0 0.76875 0.208125 0.043333333333333335 0.03875