0 0.4091666666666667 0.66125 0.17583333333333334 0.1175
0 0.5841666666666666 0.539375 0.14708333333333334 0.11875
0 0.79625 0.42875 0.09625 0.0725
0 0.8608333333333333 0.2825 0.07125 0.043125
0 0.7045833333333333 0.32625 0.0825 0.050625
0 0.69375 0.3975 0.07583333333333334 0.045625
0 0.5508333333333333 0.401875 0.09666666666666666 0.06375
0 0.35583333333333333 0.515625 0.08416666666666667 0.0775
0 0.43375 0.358125 0.050416666666666665 0.05625
0 0.48541666666666666 0.266875 0.037083333333333336 0.033125
0 0.47333333333333333 0.21875 0.02666666666666667 0.045
0 0.5779166666666666 0.289375 0.060833333333333336 0.044375
0 0.7758333333333334 0.213125 0.043333333333333335 0.03875