0 0.43666666666666665 0.6425 0.14666666666666667 0.100625
0 0.6370833333333333 0.515625 0.1575 0.118125
0 0.8079166666666666 0.421875 0.09833333333333333 0.06875
0 0.72625 0.3225 0.07541666666666667 0.04625
0 0.5945833333333334 0.376875 0.10541666666666667 0.075625
0 0.38458333333333333 0.48375 0.11125 0.073125
0 0.45666666666666667 0.353125 0.06833333333333333 0.056875
0 0.49416666666666664 0.211875 0.050833333333333335 0.02375
0 0.5966666666666667 0.214375 0.041666666666666664 0.033125
0 0.6970833333333334 0.239375 0.05125 0.03875
0 0.78375 0.21875 0.058333333333333334 0.033125
0 0.525 0.249375 0.07208333333333333 0.054375
0 0.6075 0.288125 0.08833333333333333 0.046875
0 0.8583333333333333 0.2825 0.06916666666666667 0.04125