0 0.5970833333333333 0.534375 0.16375 0.12375
0 0.7654166666666666 0.44125 0.11708333333333333 0.083125
0 0.6825 0.35 0.09083333333333334 0.07
0 0.5375 0.4075 0.11791666666666667 0.05875
0 0.38125 0.486875 0.09958333333333333 0.070625
0 0.5591666666666667 0.230625 0.030833333333333334 0.050625
0 0.5829166666666666 0.180625 0.03791666666666667 0.030625
0 0.67875 0.251875 0.0775 0.0375
0 0.5658333333333333 0.301875 0.09041666666666667 0.04875
0 0.8141666666666667 0.2875 0.0675 0.04125
0 0.9245833333333333 0.256875 0.0575 0.031875
0 0.7245833333333334 0.144375 0.04083333333333333 0.031875
0 0.8033333333333333 0.185 0.03666666666666667 0.033125