0 0.365 0.495625 0.07875 0.0825
0 0.49666666666666665 0.42375 0.12083333333333333 0.06875
0 0.5870833333333333 0.543125 0.14625 0.116875
0 0.7466666666666667 0.448125 0.09958333333333333 0.07
0 0.6658333333333334 0.35375 0.08916666666666667 0.058125
0 0.7958333333333333 0.2925 0.06708333333333333 0.04875
0 0.9175 0.263125 0.04875 0.04375
0 0.6704166666666667 0.25375 0.0725 0.040625
0 0.5370833333333334 0.3125 0.08083333333333333 0.04375
0 0.5641666666666667 0.230625 0.03166666666666667 0.041875
0 0.9929166666666667 0.338125 0.01375 0.043125
0 0.9091666666666667 0.364375 0.04583333333333333 0.061875