0 0.5129166666666667 0.58125 0.13583333333333333 0.113125
0 0.71 0.5975 0.14083333333333334 0.106875
0 0.7541666666666667 0.4625 0.1175 0.068125
0 0.74625 0.376875 0.07583333333333334 0.063125
0 0.685 0.340625 0.07833333333333334 0.05875
0 0.4791666666666667 0.42125 0.11708333333333333 0.049375
0 0.32666666666666666 0.32625 0.0275 0.025625
0 0.5333333333333333 0.30125 0.05541666666666667 0.044375
0 0.7858333333333334 0.22125 0.05333333333333334 0.034375
0 0.7304166666666667 0.183125 0.059583333333333335 0.031875
0 0.5558333333333333 0.23125 0.043333333333333335 0.025625
0 0.59625 0.19 0.035416666666666666 0.025625
0 0.8758333333333334 0.31625 0.065 0.05625
0 0.9825 0.3175 0.034583333333333334 0.061875
0 0.3825 0.725 0.17083333333333334 0.07125