0 0.6104166666666667 0.650625 0.18625 0.115
0 0.5958333333333333 0.52625 0.14541666666666667 0.096875
0 0.80875 0.425625 0.10958333333333334 0.061875
0 0.5241666666666667 0.4025 0.095 0.06125
0 0.5658333333333333 0.295625 0.050833333333333335 0.045625
0 0.5654166666666667 0.19875 0.0325 0.029375
0 0.4820833333333333 0.21 0.04875 0.0275
0 0.44375 0.345 0.05541666666666667 0.049375
0 0.7170833333333333 0.325 0.07166666666666667 0.058125
0 0.7058333333333333 0.388125 0.08666666666666667 0.050625
0 0.6841666666666667 0.24625 0.057916666666666665 0.043125