0 0.4970833333333333 0.594375 0.1525 0.133125
0 0.7279166666666667 0.46625 0.11708333333333333 0.06875
0 0.7375 0.589375 0.13375 0.104375
0 0.445 0.44125 0.09 0.04125
0 0.7579166666666667 0.370625 0.07958333333333334 0.065
0 0.8825 0.315 0.075 0.0525
0 0.6604166666666667 0.345 0.115 0.05125
0 0.32458333333333333 0.33125 0.041666666666666664 0.038125
0 0.39208333333333334 0.3725 0.05375 0.041875
0 0.5145833333333333 0.308125 0.05125 0.029375
0 0.6466666666666666 0.25875 0.05333333333333334 0.040625
0 0.7666666666666667 0.22375 0.0325 0.01875