0 0.4825 0.606875 0.17458333333333334 0.150625
0 0.5916666666666667 0.681875 0.14875 0.105
0 0.7070833333333333 0.47375 0.13166666666666665 0.074375
0 0.6854166666666667 0.379375 0.10125 0.08625
0 0.355 0.398125 0.049166666666666664 0.065
0 0.6383333333333333 0.260625 0.044583333333333336 0.036875
0 0.7320833333333333 0.23625 0.057916666666666665 0.049375
0 0.8220833333333334 0.330625 0.05541666666666667 0.075
0 0.8491666666666666 0.40375 0.04541666666666667 0.036875
0 0.9729166666666667 0.268125 0.04625 0.045625
0 0.63125 0.2075 0.0475 0.035