0 0.43875 0.644375 0.15708333333333332 0.135
0 0.5833333333333334 0.693125 0.13291666666666666 0.099375
0 0.6916666666666667 0.478125 0.12833333333333333 0.095
0 0.6275 0.363125 0.1175 0.0725
0 0.4091666666666667 0.469375 0.08083333333333333 0.0725
0 0.35291666666666666 0.4 0.06791666666666667 0.05125
0 0.47875 0.320625 0.07291666666666667 0.04125
0 0.6154166666666666 0.263125 0.06541666666666666 0.030625
0 0.8245833333333333 0.21375 0.04083333333333333 0.043125
0 0.79 0.3475 0.08416666666666667 0.0825
0 0.9004166666666666 0.2875 0.06291666666666666 0.08125
0 0.85375 0.3925 0.042083333333333334 0.045625