0 0.5645833333333333 0.556875 0.15 0.0925
0 0.5404166666666667 0.409375 0.13 0.0625
0 0.5404166666666667 0.290625 0.08291666666666667 0.059375
0 0.7891666666666667 0.43875 0.09958333333333333 0.070625
0 0.75375 0.599375 0.12208333333333334 0.09375
0 0.925 0.19 0.04583333333333333 0.03125
0 0.9575 0.27125 0.05375 0.065625
0 0.41125 0.37 0.08041666666666666 0.05375
0 0.3016666666666667 0.29875 0.01625 0.048125
0 0.6954166666666667 0.24625 0.06708333333333333 0.038125
0 0.6554166666666666 0.2025 0.059166666666666666 0.02875
0 0.4475 0.736875 0.13083333333333333 0.095625