0 0.395 0.47375 0.12125 0.058125
0 0.42291666666666666 0.666875 0.14458333333333334 0.101875
0 0.6516666666666666 0.495 0.09916666666666667 0.066875
0 0.6758333333333333 0.633125 0.12 0.08125
0 0.8129166666666666 0.42875 0.0875 0.06875
0 0.74625 0.368125 0.07208333333333333 0.058125
0 0.6258333333333334 0.264375 0.06125 0.038125
0 0.59625 0.219375 0.029166666666666667 0.039375
0 0.4625 0.33125 0.05875 0.04
0 0.9129166666666667 0.520625 0.03791666666666667 0.065625
0 0.9254166666666667 0.296875 0.050833333333333335 0.053125