0 0.45208333333333334 0.640625 0.18666666666666668 0.1275
0 0.695 0.49125 0.14333333333333334 0.0925
0 0.8241666666666667 0.419375 0.08583333333333333 0.05375
0 0.7233333333333334 0.358125 0.08416666666666667 0.091875
0 0.4141666666666667 0.470625 0.09166666666666666 0.049375
0 0.34833333333333333 0.4 0.07333333333333333 0.074375
0 0.33125 0.325 0.04791666666666667 0.04125
0 0.40375 0.29375 0.052083333333333336 0.024375
0 0.5091666666666667 0.245625 0.04625 0.03125
0 0.4891666666666667 0.3225 0.056666666666666664 0.035
0 0.6266666666666667 0.26375 0.05458333333333333 0.035
0 0.6183333333333333 0.2125 0.055 0.02875
0 0.6466666666666666 0.650625 0.11125 0.080625
0 0.8445833333333334 0.319375 0.042916666666666665 0.055625
0 0.91875 0.299375 0.04791666666666667 0.050625
0 0.9770833333333333 0.265625 0.03833333333333333 0.065