0 0.5795833333333333 0.54625 0.14541666666666667 0.088125
0 0.3475 0.718125 0.10583333333333333 0.1225
0 0.4970833333333333 0.26875 0.037083333333333336 0.04
0 0.57125 0.29125 0.07166666666666667 0.031875
0 0.56375 0.225625 0.04625 0.034375
0 0.7766666666666666 0.344375 0.08833333333333333 0.074375
0 0.7608333333333334 0.455625 0.11625 0.07
0 0.75875 0.57375 0.11333333333333333 0.086875
0 0.85875 0.384375 0.03791666666666667 0.061875
0 0.8854166666666666 0.3025 0.057916666666666665 0.04625
0 0.73 0.261875 0.08291666666666667 0.04375