0 0.46166666666666667 0.640625 0.12833333333333333 0.103125
0 0.5258333333333334 0.720625 0.12083333333333333 0.07125
0 0.6675 0.500625 0.12833333333333333 0.095
0 0.81125 0.425625 0.095 0.055625
0 0.8529166666666667 0.311875 0.037083333333333336 0.060625
0 0.9208333333333333 0.291875 0.04833333333333333 0.05375
0 0.5041666666666667 0.314375 0.059583333333333335 0.033125
0 0.6145833333333334 0.2775 0.05333333333333334 0.040625
0 0.56625 0.250625 0.03125 0.026875
0 0.515 0.235 0.03375 0.0475
0 0.4270833333333333 0.2975 0.05 0.04625
0 0.35541666666666666 0.38125 0.05333333333333334 0.036875