0 0.3958333333333333 0.6775 0.10333333333333333 0.106875
0 0.5816666666666667 0.54625 0.17583333333333334 0.095625
0 0.34875 0.39 0.051666666666666666 0.04375
0 0.38208333333333333 0.2975 0.04416666666666667 0.038125
0 0.52375 0.305 0.050833333333333335 0.036875
0 0.5754166666666667 0.241875 0.041666666666666664 0.038125
0 0.6833333333333333 0.28375 0.06833333333333333 0.04875
0 0.7295833333333334 0.2375 0.035833333333333335 0.033125
0 0.8083333333333333 0.24375 0.056666666666666664 0.04
0 0.8725 0.320625 0.06333333333333334 0.065
0 0.9458333333333333 0.276875 0.05375 0.054375
0 0.8704166666666666 0.2125 0.03125 0.050625
0 0.64625 0.673125 0.10041666666666667 0.078125