0 0.35791666666666666 0.748125 0.12541666666666668 0.079375
0 0.5045833333333334 0.611875 0.20958333333333334 0.138125
0 0.72875 0.62625 0.13375 0.096875
0 0.9016666666666666 0.30125 0.06125 0.053125
0 0.9741666666666666 0.26625 0.035 0.053125
0 0.83875 0.23125 0.045 0.051875
0 0.89 0.218125 0.04541666666666667 0.04125
0 0.7316666666666667 0.256875 0.04958333333333333 0.043125
0 0.6045833333333334 0.235 0.04125 0.03125
0 0.49291666666666667 0.27625 0.035 0.033125
0 0.5208333333333334 0.241875 0.03916666666666667 0.021875
0 0.35875 0.256875 0.025833333333333333 0.039375
0 0.37625 0.41 0.057916666666666665 0.030625