0 0.5575 0.548125 0.13708333333333333 0.070625
0 0.7425 0.44375 0.12833333333333333 0.04
0 0.5295833333333333 0.389375 0.0775 0.03125
0 0.675 0.34125 0.10041666666666667 0.036875
0 0.8095833333333333 0.280625 0.06583333333333333 0.03125
0 0.8879166666666667 0.26875 0.06041666666666667 0.0275
0 0.9545833333333333 0.24125 0.042083333333333334 0.0225
0 0.3825 0.4925 0.1025 0.045
0 0.82375 0.2125 0.04833333333333333 0.03
0 0.8841666666666667 0.191875 0.0475 0.036875
0 0.9479166666666666 0.18125 0.03666666666666667 0.0275