0 0.6941666666666667 0.4925 0.11208333333333333 0.08
0 0.7483333333333333 0.58 0.12958333333333333 0.10875
0 0.5008333333333334 0.720625 0.1475 0.06125
0 0.47583333333333333 0.606875 0.13 0.08875
0 0.4508333333333333 0.446875 0.08 0.0275
0 0.34375 0.54625 0.06125 0.0275
0 0.5883333333333334 0.37 0.1025 0.0325
0 0.58375 0.438125 0.08791666666666667 0.050625
0 0.7641666666666667 0.355625 0.0625 0.054375
0 0.7470833333333333 0.306875 0.06708333333333333 0.03375
0 0.8504166666666667 0.39375 0.04375 0.0325
0 0.8691666666666666 0.194375 0.035 0.03