0 0.7295833333333334 0.468125 0.14583333333333334 0.06375
0 0.7120833333333333 0.584375 0.15875 0.0925
0 0.4841666666666667 0.603125 0.13291666666666666 0.04375
0 0.43625 0.72125 0.15375 0.035625
0 0.47375 0.426875 0.0975 0.039375
0 0.5666666666666667 0.441875 0.08291666666666667 0.050625
0 0.64125 0.334375 0.10291666666666667 0.036875
0 0.76 0.3525 0.06958333333333333 0.04625
0 0.76 0.3 0.057916666666666665 0.04375
0 0.6254166666666666 0.27125 0.07041666666666667 0.033125
0 0.33625 0.5425 0.07583333333333334 0.0325
0 0.8054166666666667 0.213125 0.043333333333333335 0.036875
0 0.8870833333333333 0.191875 0.034166666666666665 0.023125
0 0.8616666666666667 0.38375 0.05375 0.024375