0 0.6533333333333333 0.506875 0.10333333333333333 0.065
0 0.6325 0.668125 0.1525 0.13125
0 0.40291666666666665 0.669375 0.13541666666666666 0.11
0 0.41041666666666665 0.459375 0.09666666666666666 0.011875
0 0.5870833333333333 0.385 0.11083333333333334 0.075
0 0.60125 0.265 0.057916666666666665 0.039375
0 0.79875 0.356875 0.08333333333333333 0.045625
0 0.8120833333333334 0.424375 0.0825 0.06125
0 0.8920833333333333 0.305 0.06708333333333333 0.0475
0 0.4533333333333333 0.345625 0.08333333333333333 0.0275
0 0.69875 0.235625 0.04541666666666667 0.03125
0 0.7795833333333333 0.2125 0.043333333333333335 0.03375