0 0.495 0.58625 0.15583333333333332 0.04875
0 0.46541666666666665 0.716875 0.1525 0.0525
0 0.75625 0.586875 0.1425 0.09
0 0.73 0.47125 0.13708333333333333 0.09125
0 0.86875 0.386875 0.08666666666666667 0.03125
0 0.7545833333333334 0.36375 0.08833333333333333 0.033125
0 0.64 0.3475 0.10791666666666666 0.038125
0 0.48125 0.406875 0.09041666666666667 0.015
0 0.8695833333333334 0.310625 0.04541666666666667 0.0425
0 0.8916666666666667 0.185625 0.035833333333333335 0.026875
0 0.95 0.191875 0.04041666666666666 0.01375
0 0.6370833333333333 0.26 0.06458333333333334 0.033125
0 0.7208333333333333 0.22875 0.0425 0.03125
0 0.49916666666666665 0.3275 0.09083333333333334 0.020625