0 0.6620833333333334 0.51 0.13416666666666666 0.0825
0 0.6075 0.691875 0.15875 0.1225
0 0.4216666666666667 0.671875 0.11458333333333333 0.124375
0 0.3983333333333333 0.47 0.13 0.038125
0 0.5866666666666667 0.36375 0.08666666666666667 0.0425
0 0.7279166666666667 0.3125 0.08583333333333333 0.0275
0 0.8045833333333333 0.34 0.07541666666666667 0.053125
0 0.8229166666666666 0.40625 0.06916666666666667 0.050625
0 0.5775 0.289375 0.08833333333333333 0.01375
0 0.7104166666666667 0.24375 0.07375 0.0275
0 0.85875 0.199375 0.04541666666666667 0.019375
0 0.92375 0.181875 0.03 0.025625
0 0.9791666666666666 0.184375 0.025833333333333333 0.029375