0 0.5270833333333333 0.396875 0.11833333333333333 0.053125
0 0.68 0.341875 0.12708333333333333 0.024375
0 0.7033333333333334 0.3825 0.08833333333333333 0.04375
0 0.8520833333333333 0.30625 0.03666666666666667 0.050625
0 0.7654166666666666 0.438125 0.11791666666666667 0.0425
0 0.7291666666666666 0.616875 0.13666666666666666 0.113125
0 0.5645833333333333 0.5525 0.1425 0.086875
0 0.3720833333333333 0.735625 0.11791666666666667 0.045
0 0.33958333333333335 0.50875 0.06625 0.05875
0 0.5283333333333333 0.308125 0.08208333333333333 0.0175
0 0.67375 0.25625 0.08833333333333333 0.035625
0 0.8366666666666667 0.2025 0.05 0.03
0 0.9066666666666666 0.189375 0.034166666666666665 0.03125
0 0.9779166666666667 0.33125 0.03375 0.023125