0 0.7270833333333333 0.61 0.16291666666666665 0.095
0 0.7541666666666667 0.454375 0.10375 0.05625
0 0.535 0.556875 0.13541666666666666 0.0625
0 0.41333333333333333 0.73125 0.17833333333333334 0.053125
0 0.4975 0.40875 0.08541666666666667 0.038125
0 0.6566666666666666 0.338125 0.10875 0.050625
0 0.7416666666666667 0.381875 0.08916666666666667 0.066875
0 0.8666666666666667 0.30375 0.05875 0.0425
0 0.8575 0.383125 0.057916666666666665 0.0275
0 0.6595833333333333 0.259375 0.07666666666666666 0.023125
0 0.5229166666666667 0.31375 0.09041666666666667 0.01625
0 0.9825 0.32625 0.035 0.036875