0 0.48083333333333333 0.32875 0.07333333333333333 0.053125
0 0.41125 0.473125 0.09958333333333333 0.050625
0 0.3258333333333333 0.41 0.04958333333333333 0.0475
0 0.6525 0.501875 0.14583333333333334 0.07625
0 0.43083333333333335 0.66875 0.15083333333333335 0.11125
0 0.5958333333333333 0.681875 0.15291666666666667 0.068125
0 0.8358333333333333 0.416875 0.08583333333333333 0.051875
0 0.6725 0.41 0.08708333333333333 0.05
0 0.7991666666666667 0.3475 0.08666666666666667 0.0475
0 0.9 0.308125 0.060833333333333336 0.02875
0 0.965 0.274375 0.056666666666666664 0.0325
0 0.7033333333333334 0.235 0.06208333333333333 0.023125