0 0.62625 0.519375 0.16541666666666666 0.101875
0 0.39166666666666666 0.69625 0.11375 0.116875
0 0.6954166666666667 0.6375 0.1425 0.101875
0 0.7975 0.424375 0.10541666666666667 0.073125
0 0.8145833333333333 0.336875 0.07208333333333333 0.04375
0 0.5804166666666667 0.379375 0.12125 0.053125
0 0.40791666666666665 0.461875 0.12291666666666666 0.058125
0 0.4425 0.359375 0.10541666666666667 0.019375
0 0.5804166666666667 0.275 0.06333333333333334 0.03
0 0.6795833333333333 0.241875 0.04958333333333333 0.03
0 0.77125 0.220625 0.057916666666666665 0.019375
0 0.8520833333333333 0.198125 0.018333333333333333 0.01625
0 0.9058333333333334 0.291875 0.05375 0.065625