0 0.5804166666666667 0.56 0.10875 0.113125
0 0.7604166666666666 0.44625 0.0925 0.058125
0 0.7495833333333334 0.596875 0.11375 0.095
0 0.35083333333333333 0.74375 0.10416666666666667 0.04625
0 0.34875 0.495625 0.06583333333333333 0.09625
0 0.5245833333333333 0.41625 0.0925 0.054375
0 0.4075 0.375625 0.09375 0.024375
0 0.8333333333333334 0.335 0.03666666666666667 0.03375
0 0.9275 0.285 0.052083333333333336 0.024375
0 0.9070833333333334 0.1975 0.043333333333333335 0.01875
0 0.6629166666666667 0.250625 0.06291666666666666 0.038125