0 0.5329166666666667 0.59875 0.13541666666666666 0.121875
0 0.4725 0.71875 0.16416666666666666 0.04875
0 0.73 0.46125 0.12666666666666668 0.065625
0 0.7908333333333334 0.35 0.037083333333333336 0.059375
0 0.8725 0.3125 0.06208333333333333 0.04875
0 0.94375 0.26375 0.059166666666666666 0.04625
0 0.85625 0.393125 0.050416666666666665 0.035
0 0.49041666666666667 0.42625 0.11291666666666667 0.02875
0 0.5158333333333334 0.300625 0.06833333333333333 0.036875
0 0.38 0.383125 0.09458333333333334 0.039375
0 0.6466666666666666 0.254375 0.06375 0.0325
0 0.7508333333333334 0.2275 0.04833333333333333 0.03625
0 0.84 0.205625 0.056666666666666664 0.025625