0 0.7825 0.43625 0.10041666666666667 0.055625
0 0.61375 0.53375 0.13 0.09
0 0.725 0.604375 0.13416666666666666 0.083125
0 0.3516666666666667 0.71 0.11916666666666667 0.12625
0 0.3591666666666667 0.485625 0.085 0.0625
0 0.5595833333333333 0.398125 0.11583333333333333 0.065
0 0.5616666666666666 0.28375 0.05875 0.024375
0 0.43125 0.3625 0.10625 0.016875
0 0.6675 0.25 0.0725 0.039375
0 0.7683333333333333 0.22125 0.03958333333333333 0.024375
0 0.8308333333333333 0.343125 0.06041666666666667 0.045625
0 0.9204166666666667 0.291875 0.05458333333333333 0.045625
0 0.8454166666666667 0.198125 0.020416666666666666 0.024375