0 0.5229166666666667 0.593125 0.155 0.098125
0 0.3570833333333333 0.756875 0.09666666666666666 0.06
0 0.78 0.455625 0.11916666666666667 0.068125
0 0.7491666666666666 0.5875 0.11083333333333334 0.085625
0 0.5333333333333333 0.479375 0.05541666666666667 0.026875
0 0.435 0.345625 0.09916666666666667 0.050625
0 0.5383333333333333 0.293125 0.05583333333333333 0.035
0 0.6595833333333333 0.249375 0.05583333333333333 0.03125
0 0.8670833333333333 0.3125 0.05458333333333333 0.0525
0 0.9633333333333334 0.283125 0.056666666666666664 0.036875
0 0.7529166666666667 0.375625 0.08541666666666667 0.050625