0 0.5225 0.5875 0.14541666666666667 0.063125
0 0.3904166666666667 0.761875 0.12625 0.038125
0 0.7675 0.595625 0.10916666666666666 0.05
0 0.52375 0.295 0.08291666666666667 0.036875
0 0.6454166666666666 0.25875 0.10083333333333333 0.035
0 0.73375 0.24 0.04666666666666667 0.02875
0 0.7854166666666667 0.35875 0.06291666666666666 0.041875
0 0.38333333333333336 0.38 0.0975 0.038125
0 0.9729166666666667 0.27875 0.035 0.050625
0 0.9091666666666667 0.185 0.015833333333333335 0.036875
0 0.8791666666666667 0.323125 0.0725 0.04