0 0.4041666666666667 0.695 0.13416666666666666 0.1025
0 0.6383333333333333 0.506875 0.15375 0.0925
0 0.49833333333333335 0.465625 0.14916666666666667 0.065625
0 0.6033333333333334 0.373125 0.09083333333333334 0.03625
0 0.7354166666666667 0.3275 0.10291666666666667 0.036875
0 0.8216666666666667 0.406875 0.0925 0.04875
0 0.9016666666666666 0.264375 0.04958333333333333 0.045625
0 0.9333333333333333 0.3625 0.035 0.03125
0 0.98375 0.308125 0.0325 0.03125
0 0.9825 0.2425 0.0275 0.03375
0 0.91 0.214375 0.025833333333333333 0.01625