0 0.48791666666666667 0.6 0.12041666666666667 0.075
0 0.4479166666666667 0.698125 0.17583333333333334 0.056875
0 0.76375 0.443125 0.09 0.06
0 0.68 0.335 0.0675 0.035625
0 0.48875 0.43625 0.11583333333333333 0.065
0 0.8004166666666667 0.3 0.06958333333333333 0.029375
0 0.89875 0.27 0.0525 0.038125
0 0.9666666666666667 0.23875 0.0325 0.024375
0 0.9641666666666666 0.2075 0.015833333333333335 0.016875
0 0.9158333333333334 0.2075 0.03166666666666667 0.03375
0 0.9270833333333334 0.37375 0.052083333333333336 0.035