0 0.41125 0.66125 0.0925 0.12625
0 0.58125 0.658125 0.20833333333333334 0.119375
0 0.6825 0.47875 0.09958333333333333 0.054375
0 0.6220833333333333 0.360625 0.10291666666666667 0.038125
0 0.43166666666666664 0.4675 0.10041666666666667 0.04375
0 0.31666666666666665 0.3375 0.0475 0.043125
0 0.7483333333333333 0.325625 0.0775 0.035625
0 0.8808333333333334 0.400625 0.07541666666666667 0.03625
0 0.8695833333333334 0.280625 0.0325 0.03625
0 0.9325 0.24125 0.03666666666666667 0.033125
0 0.9229166666666667 0.211875 0.05541666666666667 0.023125