0 0.5204166666666666 0.565 0.15166666666666667 0.079375
0 0.5533333333333333 0.6875 0.17166666666666666 0.085625
0 0.7858333333333334 0.570625 0.11166666666666666 0.069375
0 0.7858333333333334 0.453125 0.07958333333333334 0.075625
0 0.495 0.420625 0.07583333333333334 0.038125
0 0.6558333333333334 0.3675 0.12666666666666668 0.045
0 0.7804166666666666 0.30125 0.06916666666666667 0.03125
0 0.8791666666666667 0.260625 0.08291666666666667 0.043125
0 0.9729166666666667 0.241875 0.035833333333333335 0.020625
0 0.9658333333333333 0.320625 0.03791666666666667 0.04375
0 0.795 0.23875 0.05541666666666667 0.040625