0 0.6554166666666666 0.2625 0.09625 0.0275
0 0.76125 0.226875 0.07375 0.01875
0 0.8541666666666666 0.201875 0.04666666666666667 0.03625
0 0.8770833333333333 0.270625 0.05291666666666667 0.039375
0 0.9191666666666667 0.198125 0.03666666666666667 0.03125
0 0.97 0.25375 0.03375 0.03125
0 0.9704166666666667 0.185 0.015 0.01875
0 0.4345833333333333 0.274375 0.05583333333333333 0.023125
0 0.3433333333333333 0.31875 0.043333333333333335 0.021875
0 0.54125 0.235625 0.037083333333333336 0.02
0 0.6658333333333334 0.19875 0.04833333333333333 0.020625