0 0.5358333333333334 0.58 0.13916666666666666 0.104375
0 0.5079166666666667 0.708125 0.16625 0.058125
0 0.39916666666666667 0.46875 0.11333333333333333 0.055625
0 0.6166666666666667 0.361875 0.08833333333333333 0.05
0 0.68125 0.406875 0.057916666666666665 0.043125
0 0.7325 0.461875 0.08583333333333333 0.053125
0 0.7308333333333333 0.311875 0.06583333333333333 0.0425
0 0.8575 0.391875 0.05125 0.0475
0 0.8970833333333333 0.258125 0.050833333333333335 0.036875
0 0.8883333333333333 0.203125 0.030416666666666668 0.05875
0 0.9108333333333334 0.50875 0.03375 0.049375
0 0.5516666666666666 0.251875 0.05375 0.035
0 0.59875 0.215 0.032916666666666664 0.020625
0 0.6741666666666667 0.215 0.032916666666666664 0.039375
0 0.75625 0.1925 0.035 0.02875