0 0.56375 0.295625 0.07958333333333334 0.03375
0 0.7016666666666667 0.2425 0.08458333333333333 0.029375
0 0.8229166666666666 0.299375 0.07833333333333334 0.040625
0 0.9033333333333333 0.25875 0.04 0.035
0 0.9679166666666666 0.2475 0.04666666666666667 0.041875
0 0.9320833333333334 0.1925 0.025416666666666667 0.02875
0 0.8825 0.195 0.042916666666666665 0.020625
0 0.7870833333333334 0.216875 0.0575 0.029375
0 0.6070833333333333 0.2175 0.0775 0.01875
0 0.47833333333333333 0.263125 0.042916666666666665 0.015
0 0.3545833333333333 0.329375 0.07333333333333333 0.036875