0 0.33791666666666664 0.326875 0.05875 0.033125
0 0.59 0.215 0.05291666666666667 0.040625
0 0.5379166666666667 0.30125 0.08666666666666667 0.02875
0 0.6854166666666667 0.24625 0.07291666666666667 0.0275
0 0.8008333333333333 0.30625 0.09916666666666667 0.02875
0 0.79375 0.218125 0.056666666666666664 0.026875
0 0.8783333333333333 0.19125 0.03916666666666667 0.020625
0 0.8945833333333333 0.25125 0.04666666666666667 0.04375
0 0.9616666666666667 0.241875 0.030416666666666668 0.0325
0 0.9283333333333333 0.181875 0.02875 0.02625
0 0.7975 0.13125 0.025833333333333333 0.024375