0 0.49375 0.319375 0.11 0.039375
0 0.5054166666666666 0.264375 0.05291666666666667 0.029375
0 0.31916666666666665 0.330625 0.03833333333333333 0.035625
0 0.7520833333333333 0.324375 0.08458333333333333 0.03125
0 0.6408333333333334 0.258125 0.08791666666666667 0.0325
0 0.7445833333333334 0.223125 0.05291666666666667 0.025625
0 0.8679166666666667 0.264375 0.04833333333333333 0.026875
0 0.8454166666666667 0.203125 0.03375 0.029375
0 0.9325 0.26 0.04666666666666667 0.040625
0 0.9095833333333333 0.18625 0.03208333333333333 0.035
0 0.9866666666666667 0.235 0.02666666666666667 0.03