0 0.4166666666666667 0.634375 0.15333333333333332 0.12125
0 0.60125 0.641875 0.18875 0.098125
0 0.6991666666666667 0.479375 0.13333333333333333 0.08625
0 0.71 0.2575 0.056666666666666664 0.041875
0 0.6104166666666667 0.315 0.04416666666666667 0.03625
0 0.65875 0.37375 0.09041666666666667 0.0525
0 0.7670833333333333 0.299375 0.0825 0.04625
0 0.8666666666666667 0.2725 0.05458333333333333 0.048125
0 0.9454166666666667 0.25375 0.041666666666666664 0.048125
0 0.86 0.398125 0.06 0.04625
0 0.9754166666666667 0.34625 0.049166666666666664 0.0525