0 0.5966666666666667 0.51875 0.15416666666666667 0.09375
0 0.7675 0.56 0.07875 0.09625
0 0.765 0.24375 0.043333333333333335 0.030625
0 0.67375 0.291875 0.059166666666666666 0.03
0 0.5791666666666667 0.41125 0.09833333333333333 0.043125
0 0.7004166666666667 0.331875 0.08291666666666667 0.03375
0 0.91 0.260625 0.043333333333333335 0.025625
0 0.3779166666666667 0.745625 0.13291666666666666 0.083125
0 0.7791666666666667 0.443125 0.065 0.068125
0 0.9358333333333333 0.374375 0.05541666666666667 0.05375
0 0.8129166666666666 0.291875 0.04583333333333333 0.04
0 0.9620833333333333 0.2425 0.03916666666666667 0.04
0 0.33958333333333335 0.324375 0.0675 0.043125