0 0.44083333333333335 0.63375 0.13708333333333333 0.12
0 0.6254166666666666 0.675 0.14291666666666666 0.09375
0 0.67 0.491875 0.12666666666666668 0.090625
0 0.81625 0.43375 0.09291666666666666 0.071875
0 0.5925 0.2225 0.06208333333333333 0.036875
0 0.5725 0.39 0.10666666666666667 0.0575
0 0.9683333333333334 0.24625 0.05416666666666667 0.03375
0 0.73125 0.31875 0.07625 0.05125
0 0.42375 0.46875 0.10458333333333333 0.06375
0 0.9145833333333333 0.5025 0.0475 0.050625
0 0.825 0.2825 0.06666666666666667 0.039375
0 0.37 0.308125 0.04 0.02625
0 0.4825 0.2575 0.041666666666666664 0.025