0 0.41083333333333333 0.3775 0.06375 0.041875
0 0.5620833333333334 0.283125 0.06833333333333333 0.03125
0 0.6 0.235625 0.04083333333333333 0.035
0 0.4825 0.268125 0.05291666666666667 0.038125
0 0.6416666666666667 0.205625 0.045 0.021875
0 0.68 0.248125 0.041666666666666664 0.03125
0 0.66375 0.34375 0.09833333333333333 0.04375
0 0.80625 0.284375 0.0525 0.03625
0 0.88 0.268125 0.04 0.02625
0 0.80875 0.219375 0.03333333333333333 0.04375
0 0.8679166666666667 0.198125 0.035833333333333335 0.021875
0 0.9641666666666666 0.255625 0.019583333333333335 0.036875
0 0.84125 0.15375 0.022916666666666665 0.020625