0 0.7395833333333334 0.6125 0.09916666666666667 0.076875
0 0.63125 0.516875 0.16291666666666665 0.104375
0 0.7675 0.361875 0.06625 0.055625
0 0.8720833333333333 0.320625 0.06875 0.04875
0 0.49 0.25375 0.049166666666666664 0.03125
0 0.47541666666666665 0.425 0.11 0.059375
0 0.5679166666666666 0.180625 0.02625 0.038125
0 0.34625 0.31625 0.0475 0.04125
0 0.7120833333333333 0.3275 0.07458333333333333 0.051875
0 0.3516666666666667 0.74875 0.13 0.065
0 0.33916666666666667 0.52375 0.12583333333333332 0.06