0 0.5841666666666666 0.399375 0.09458333333333334 0.04625
0 0.7416666666666667 0.31125 0.07416666666666667 0.039375
0 0.6204166666666666 0.266875 0.0625 0.0225
0 0.5004166666666666 0.315 0.08791666666666667 0.0225
0 0.355 0.4025 0.06708333333333333 0.04375
0 0.43041666666666667 0.28125 0.050833333333333335 0.0325
0 0.5375 0.256875 0.06625 0.03
0 0.6475 0.225625 0.03125 0.0325
0 0.85625 0.27875 0.08458333333333333 0.035
0 0.84125 0.205 0.042083333333333334 0.039375
0 0.9583333333333334 0.233125 0.025833333333333333 0.024375