0 0.646290909090909 0.21868852459016394 0.018436363636363612 0.029344262295081993
0 0.5042545454545454 0.4460655737704918 0.019381818181818125 0.029508196721311507
0 0.08265454545454545 0.6836612021857924 0.012109090909090903 0.03251366120218581
0 0.4429090909090909 0.8756830601092896 0.02181818181818182 0.05377049180327855
0 0.24898181818181817 0.8359562841530054 0.029563636363636348 0.039890710382513725
0 0.6196363636363637 0.6906010928961749 0.017454545454545497 0.03327868852459011
0 0.7624363636363636 0.7310382513661202 0.0208363636363637 0.031092896174863376
0 0.9381818181818182 0.44169398907103824 0.020363636363636445 0.029508196721311507
0 0.2792727272727273 0.9711475409836066 0.017454545454545497 0.026120218579234824
0 0.7105454545454546 0.463551912568306 0.030545454545454463 0.029508196721311507
0 0.4412 0.4872677595628415 0.04265454545454542 0.07251366120218584
0 0.24992727272727275 0.6436065573770492 0.03152727272727268 0.09229508196721305
0 0.0868 0.6855191256830602 0.035890909090909084 0.09300546448087438
0 0.4097090909090909 0.873879781420765 0.022290909090909073 0.10699453551912559
0 0.2441090909090909 0.8246994535519125 0.048981818181818175 0.10038251366120221
0 0.27636363636363637 0.953551912568306 0.03636363636363636 0.09289617486338798
0 0.4412 0.4355191256830601 0.04265454545454542 0.056448087431694056
0 0.6482545454545455 0.2307103825136612 0.030072727272727206 0.04907103825136614
0 0.9473927272727273 0.4826885245901639 0.9638800000000001 0.45061202185792354 0.9134545454545454 0.4072841530054645 0.896 0.4229071038251366 0.9473927272727273 0.4826885245901639
0 0.9163636363636364 0.37333879781420765 0.9638800000000001 0.41999453551912563 0.9735745454545455 0.3908306010928962 0.9260618181818182 0.34417486338797815 0.9163636363636364 0.37333879781420765
0 0.8320000000000001 0.6036994535519126 0.8 0.5351748633879782 0.7844836363636364 0.5468360655737705 0.8164836363636363 0.6109890710382514 0.8320000000000001 0.6036994535519126
0 0.7175745454545455 0.5089289617486339 0.733090909090909 0.5016393442622951 0.6991527272727273 0.4345737704918033 0.6865454545454546 0.44444262295081965 0.7175745454545455 0.5089289617486339
0 0.5420618181818182 0.5628743169398908 0.5410909090909092 0.5905792349726776 0.610909090909091 0.5687103825136612 0.6036363636363636 0.5406174863387978 0.5420618181818182 0.5628743169398908
0 0.5255745454545454 0.47102185792349727 0.5042436363636363 0.4127049180327869 0.48872727272727273 0.421448087431694 0.48727272727272725 0.42695628415300546 0.5100618181818182 0.4841420765027322 0.5255745454545454 0.47102185792349727
0 0.63612 0.6503551912568306 0.6206072727272728 0.6430655737704918 0.5973345454545455 0.7145081967213115 0.6157563636363637 0.729087431693989 0.63612 0.6503551912568306
0 0.7757563636363636 0.7786612021857924 0.7912727272727272 0.8049016393442623 0.8436363636363636 0.7305464480874316 0.8310290909090908 0.6999289617486338 0.7757563636363636 0.7786612021857924
0 0.7427890909090908 0.7363770491803279 0.7573345454545455 0.7640819672131147 0.7961199999999999 0.6970109289617487 0.7810909090909092 0.6761366120218579 0.7427890909090908 0.7363770491803279