0 0.49227848101265825 0.7507042253521127 0.05240506329113919 0.040798122065727686
0 0.550126582278481 0.70018779342723 0.05818565400843884 0.03938967136150228
0 0.5913502109704641 0.6510798122065728 0.051139240506329134 0.035117370892018863
0 0.621097046413502 0.5977464788732394 0.06202531645569615 0.030892018779342716
0 0.6536708860759494 0.5404694835680751 0.07350210970464141 0.03023474178403755
0 0.6779746835443038 0.4931455399061033 0.04029535864978908 0.035211267605633804
0 0.6994092827004219 0.431924882629108 0.047299578059071645 0.03812206572769955
0 0.6623206751054852 0.37929577464788733 0.029409282700422056 0.032441314553990595
0 0.6057383966244726 0.39422535211267606 0.023670886075949426 0.036713615023474144
0 0.5562025316455695 0.43690140845070424 0.03451476793248948 0.028122065727699572
0 0.4980168776371308 0.4867136150234742 0.058818565400843875 0.03948356807511735
0 0.4513502109704641 0.42413145539906105 0.03708860759493667 0.028169014084507043
0 0.41012658227848103 0.3615023474178404 0.038987341772151934 0.03389671361502347
0 0.34265822784810124 0.3956338028169014 0.024303797468354392 0.008262910798122023
0 0.3071729957805907 0.45685446009389674 0.038987341772151934 0.03666666666666668
0 0.34810126582278483 0.5023943661971831 0.04409282700421936 0.042347417840375635
0 0.38582278481012655 0.5692488262910798 0.050506329113924046 0.045164319248826315
0 0.4280168776371308 0.627605633802817 0.050506329113924046 0.03089201877934265
0 0.4651054852320675 0.6830985915492958 0.04029535864978908 0.03938967136150228