0 0.48217777777777776 0.8952 0.1136 0.07888888888888888
0 0.6525777777777778 0.6016444444444444 0.08608888888888891 0.09284444444444438
0 0.6208 0.38075555555555557 0.10440000000000003 0.11671111111111107
0 0.5231111111111111 0.3176 0.06702222222222227 0.06235555555555556
0 0.6042222222222222 0.04733333333333334 0.06559999999999996 0.055155555555555555
0 0.3929333333333333 0.4604888888888889 0.060666666666666695 0.0899555555555556
0 0.3227555555555556 0.11364444444444445 0.052888888888888916 0.06084444444444444
0 0.03386666666666667 0.09848888888888889 0.06773333333333334 0.05844444444444444
0 0.2363111111111111 0.34226666666666666 0.060666666666666695 0.08302222222222225
0 0.35555555555555557 0.3098222222222222 0.07617777777777772 0.037866666666666715
0 0.28782222222222226 0.29573333333333335 0.05080000000000003 0.05244444444444446
0 0.47444444444444445 0.18386666666666665 0.07973333333333332 0.07848888888888887
0 0.8525777777777779 0.20786666666666667 0.05008888888888881 0.05031111111111115
0 0.5534222222222223 0.48413333333333336 0.05715555555555549 0.07022222222222227
0 0.48675555555555555 0.5755111111111112 0.042311111111111153 0.08639999999999999
0 0.0768888888888889 0.6090222222222222 0.05786666666666667 0.06591111111111105
0 0.28044444444444444 0.5998666666666667 0.06137777777777775 0.03346666666666655
0 0.3629777777777778 0.6076 0.0825333333333333 0.043333333333333335
0 0.38306666666666667 0.6954666666666666 0.06351111111111107 0.04964444444444451
0 0.5016 0.6788888888888889 0.06351111111111107 0.06164444444444447
0 0.41764444444444443 0.5994666666666666 0.04515555555555554 0.07226666666666663
0 0.45324444444444445 0.5102222222222222 0.07124444444444444 0.049733333333333324
0 0.4433777777777778 0.7600444444444444 0.05715555555555549 0.06017777777777787
0 0.3918666666666667 0.7875555555555555 0.05008888888888893 0.06440000000000004
0 0.34213333333333334 0.8298666666666666 0.03528888888888888 0.08133333333333338
0 0.27195555555555556 0.8475111111111111 0.035999999999999976 0.06297777777777785
0 0.4024888888888889 0.9188 0.03737777777777776 0.08973333333333332