0 0.6267333333333334 0.18642857142857144 0.09053333333333341 0.07589285714285714
0 0.08416666666666667 0.26470238095238097 0.06459999999999999 0.0958333333333333
0 0.1928 0.40398809523809526 0.10906666666666666 0.07898809523809526
0 0.49073333333333335 0.3591666666666667 0.03826666666666673 0.059821428571428595
0 0.5528666666666667 0.4227380952380952 0.034166666666666665 0.07678571428571432
0 0.6028666666666667 0.48738095238095236 0.027999999999999924 0.08267857142857135
0 0.43643333333333334 0.4359523809523809 0.0876666666666667 0.10327380952380949
0 0.6658333333333334 0.6057738095238095 0.056800000000000066 0.09303571428571426
0 0.45803333333333335 0.5638690476190477 0.03950000000000008 0.06803571428571432
0 0.5496 0.5929166666666666 0.0325 0.05994047619047615
0 0.5763333333333334 0.6307738095238096 0.04240000000000009 0.08720238095238099
0 0.5468999999999999 0.6719047619047619 0.03456666666666668 0.07250000000000004
0 0.48806666666666665 0.7160119047619048 0.05350000000000004 0.12547619047619055