0 0.27783783783783783 0.442680412371134 0.042509652509652475 0.05304123711340202
0 0.4053667953667954 0.44 0.06679536679536684 0.03948453608247421
0 0.3205791505791506 0.4474226804123711 0.03289575289575294 0.03814432989690725
0 0.419034749034749 0.6339690721649485 0.027335907335907385 0.054484536082474264
0 0.4542084942084942 0.5991752577319588 0.02683397683397679 0.07809278350515467
0 0.5759073359073359 0.6190721649484536 0.04756756756756754 0.05716494845360826
0 0.5903474903474903 0.688041237113402 0.033899613899613795 0.07345360824742268
0 0.6606563706563707 0.6302577319587629 0.03996138996139005 0.07541237113402066
0 0.7125482625482626 0.6272164948453609 0.04756756756756754 0.06530927835051548
0 0.7636679536679536 0.6548969072164949 0.05467181467181477 0.07206185567010304
0 0.7052123552123553 0.6292268041237113 0.016718146718146656 0.036907216494845345
0 0.7623938223938225 0.6613402061855671 0.02378378378378388 0.032164948453608296