0 0.5725 0.7225 0.13666666666666666 0.109375
0 0.44375 0.450625 0.08333333333333333 0.06875
0 0.5120833333333333 0.35875 0.08916666666666667 0.04375
0 0.64125 0.3275 0.07666666666666666 0.041875
0 0.7766666666666666 0.351875 0.06458333333333334 0.055625
0 0.7345833333333334 0.285 0.06208333333333333 0.0325
0 0.34375 0.461875 0.09791666666666667 0.055625
0 0.2975 0.69375 0.09375 0.06375
0 0.24 0.449375 0.056666666666666664 0.06125
0 0.20916666666666667 0.330625 0.04541666666666667 0.03875
0 0.27875 0.375 0.052083333333333336 0.036875
0 0.3383333333333333 0.3125 0.04 0.030625
0 0.09208333333333334 0.67375 0.06708333333333333 0.07125
0 0.08375 0.47375 0.05625 0.04
0 0.075 0.404375 0.0425 0.0225
0 0.17625 0.388125 0.0475 0.025
0 0.5970833333333333 0.275 0.03916666666666667 0.0275
0 0.57875 0.238125 0.0525 0.041875
0 0.7141666666666666 0.2275 0.051666666666666666 0.019375