0 0.07916666666666666 0.585 0.09375 0.066875
0 0.07625 0.48 0.08583333333333333 0.049375
0 0.3641666666666667 0.40625 0.07666666666666666 0.041875
0 0.5670833333333334 0.39375 0.09791666666666667 0.045625
0 0.7245833333333334 0.3475 0.06416666666666666 0.0775
0 0.82125 0.3475 0.06875 0.055625
0 0.6933333333333334 0.29875 0.049166666666666664 0.0325
0 0.5745833333333333 0.3125 0.04541666666666667 0.030625
0 0.6233333333333333 0.241875 0.042083333333333334 0.03875
0 0.52875 0.24875 0.07083333333333333 0.025
0 0.445 0.331875 0.03958333333333333 0.03625
0 0.33416666666666667 0.341875 0.05333333333333334 0.029375
0 0.29 0.301875 0.04833333333333333 0.0225