0 0.47291666666666665 0.704375 0.20875 0.080625
0 0.815 0.690625 0.13666666666666666 0.108125
0 0.3541666666666667 0.586875 0.13 0.065625
0 0.1975 0.570625 0.13125 0.0575
0 0.045 0.566875 0.075 0.05375
0 0.04416666666666667 0.449375 0.035833333333333335 0.079375
0 0.155 0.463125 0.0725 0.036875
0 0.29541666666666666 0.4525 0.09 0.03625
0 0.25958333333333333 0.365 0.03916666666666667 0.065
0 0.15708333333333332 0.383125 0.029583333333333333 0.06375
0 0.17541666666666667 0.338125 0.025 0.025625
0 0.36791666666666667 0.305 0.04 0.03625
0 0.3466666666666667 0.361875 0.03166666666666667 0.03125
0 0.5008333333333334 0.35125 0.060833333333333336 0.03625
0 0.8616666666666667 0.245 0.04791666666666667 0.050625
0 0.8866666666666667 0.30625 0.05583333333333333 0.05625
0 0.775 0.355625 0.095 0.04625