0 0.5954166666666667 0.7075 0.20375 0.09
0 0.6108333333333333 0.485625 0.0775 0.073125
0 0.7058333333333333 0.29375 0.04625 0.034375
0 0.8866666666666667 0.304375 0.029166666666666667 0.055625
0 0.41583333333333333 0.465625 0.10625 0.048125
0 0.3825 0.524375 0.10375 0.03875
0 0.3933333333333333 0.606875 0.12 0.05625
0 0.34125 0.720625 0.16041666666666668 0.07125
0 0.1175 0.705625 0.13791666666666666 0.068125
0 0.15291666666666667 0.585625 0.12333333333333334 0.058125
0 0.15333333333333332 0.5025 0.07833333333333334 0.08875
0 0.2579166666666667 0.358125 0.041666666666666664 0.023125
0 0.3279166666666667 0.324375 0.042083333333333334 0.029375
0 0.5858333333333333 0.313125 0.04125 0.02125
0 0.45625 0.30875 0.04375 0.019375
0 0.5166666666666667 0.2575 0.022916666666666665 0.051875
0 0.8341666666666666 0.458125 0.08333333333333333 0.1325
0 0.8891666666666667 0.31125 0.04791666666666667 0.075625