0 0.22125 0.47875 0.11625 0.03875
0 0.085 0.475625 0.07 0.03125
0 0.057916666666666665 0.589375 0.09083333333333334 0.0525
0 0.21291666666666667 0.329375 0.035 0.04
0 0.28125 0.35625 0.03666666666666667 0.030625
0 0.365 0.4025 0.04833333333333333 0.0325
0 0.4425 0.4025 0.03958333333333333 0.04375
0 0.41833333333333333 0.330625 0.03791666666666667 0.03875
0 0.42375 0.263125 0.09208333333333334 0.023125
0 0.6025 0.39 0.07666666666666666 0.0425
0 0.7620833333333333 0.361875 0.08708333333333333 0.066875