0 0.475 0.479375 0.0625 0.094375
0 0.345 0.494375 0.11916666666666667 0.055625
0 0.21333333333333335 0.501875 0.0675 0.0425
0 0.0675 0.495625 0.07666666666666666 0.06375
0 0.12166666666666667 0.42 0.04083333333333333 0.030625
0 0.21083333333333334 0.411875 0.051666666666666666 0.041875
0 0.2920833333333333 0.406875 0.03916666666666667 0.04
0 0.40208333333333335 0.3925 0.05625 0.04625
0 0.4945833333333333 0.396875 0.057916666666666665 0.02875
0 0.6733333333333333 0.375 0.11291666666666667 0.040625
0 0.8441666666666666 0.325 0.06583333333333333 0.066875
0 0.7954166666666667 0.263125 0.04541666666666667 0.049375
0 0.36916666666666664 0.305 0.03666666666666667 0.02875
0 0.2579166666666667 0.32 0.041666666666666664 0.03625
0 0.6941666666666667 0.265625 0.0475 0.029375
0 0.6658333333333334 0.46875 0.1275 0.045625