0 0.36583333333333334 0.691875 0.13416666666666666 0.083125
0 0.74875 0.71 0.19458333333333333 0.07875
0 0.8529166666666667 0.3225 0.0775 0.066875
0 0.8829166666666667 0.455 0.06166666666666667 0.108125
0 0.595 0.495 0.17416666666666666 0.058125
0 0.5216666666666666 0.351875 0.08416666666666667 0.035
0 0.5195833333333333 0.31375 0.03916666666666667 0.0275
0 0.6004166666666667 0.266875 0.04625 0.054375
0 0.4025 0.301875 0.04791666666666667 0.0275
0 0.42291666666666666 0.435 0.06583333333333333 0.09625
0 0.27416666666666667 0.379375 0.05458333333333333 0.024375
0 0.17416666666666666 0.465 0.075 0.051875
0 0.19083333333333333 0.671875 0.11208333333333333 0.076875
0 0.0375 0.661875 0.060833333333333336 0.07125