0 0.5283333333333333 0.710625 0.18 0.108125
0 0.8216666666666667 0.6625 0.11666666666666667 0.1225
0 0.7908333333333334 0.350625 0.09666666666666666 0.055625
0 0.68 0.2825 0.055 0.04625
0 0.5754166666666667 0.340625 0.050416666666666665 0.0275
0 0.34875 0.57875 0.11083333333333334 0.0575
0 0.49416666666666664 0.6 0.08083333333333333 0.048125
0 0.28458333333333335 0.696875 0.115 0.06
0 0.12791666666666668 0.66 0.14541666666666667 0.04875
0 0.2325 0.454375 0.10666666666666667 0.044375
0 0.24541666666666667 0.36125 0.051666666666666666 0.0575
0 0.3325 0.360625 0.06458333333333334 0.06
0 0.35875 0.311875 0.0425 0.024375
0 0.84125 0.18875 0.0425 0.05
0 0.12 0.439375 0.035833333333333335 0.069375
0 0.03166666666666667 0.475 0.06208333333333333 0.048125
0 0.14708333333333334 0.379375 0.04958333333333333 0.051875