0 0.13875 0.563125 0.1025 0.061875
0 0.027083333333333334 0.56 0.04583333333333333 0.048125
0 0.043333333333333335 0.46625 0.05 0.038125
0 0.06958333333333333 0.391875 0.035833333333333335 0.040625
0 0.15916666666666668 0.38 0.027083333333333334 0.04375
0 0.2475 0.36875 0.055 0.029375
0 0.345 0.35875 0.049166666666666664 0.041875
0 0.3570833333333333 0.309375 0.035 0.0275
0 0.4845833333333333 0.345625 0.06833333333333333 0.0475
0 0.5775 0.3475 0.08291666666666667 0.05625
0 0.66 0.266875 0.05625 0.0425
0 0.5670833333333334 0.249375 0.0625 0.023125