0 0.8966666666666666 0.22625 0.024583333333333332 0.02875
0 0.8625 0.220625 0.024166666666666666 0.03625
0 0.7379166666666667 0.719375 0.17833333333333334 0.083125
0 0.4325 0.713125 0.20333333333333334 0.076875
0 0.37666666666666665 0.593125 0.11291666666666667 0.049375
0 0.2520833333333333 0.574375 0.11041666666666666 0.0575
0 0.12208333333333334 0.55375 0.115 0.048125
0 0.1325 0.4625 0.04958333333333333 0.030625
0 0.215 0.465 0.09541666666666666 0.040625
0 0.32208333333333333 0.455625 0.07958333333333334 0.040625
0 0.6666666666666666 0.375 0.10333333333333333 0.035
0 0.7391666666666666 0.285 0.05875 0.015
0 0.6175 0.301875 0.0575 0.016875
0 0.50875 0.314375 0.0425 0.019375
0 0.5079166666666667 0.389375 0.055 0.025
0 0.45708333333333334 0.35875 0.06416666666666666 0.0325
0 0.4270833333333333 0.39 0.0675 0.025
0 0.3275 0.40875 0.09083333333333334 0.023125
0 0.2654166666666667 0.348125 0.032916666666666664 0.020625
0 0.39666666666666667 0.32875 0.05333333333333334 0.024375
0 0.46708333333333335 0.465 0.09916666666666667 0.06