0 0.2945833333333333 0.598125 0.12125 0.0725
0 0.16958333333333334 0.594375 0.12458333333333334 0.05
0 0.042916666666666665 0.5875 0.08291666666666667 0.054375
0 0.13208333333333333 0.483125 0.08791666666666667 0.04375
0 0.24625 0.47625 0.08666666666666667 0.054375
0 0.36375 0.416875 0.08375 0.02875
0 0.5020833333333333 0.405625 0.095 0.024375
0 0.6858333333333333 0.36625 0.07833333333333334 0.065625
0 0.525 0.68125 0.09583333333333334 0.0425
0 0.5316666666666666 0.26 0.05375 0.033125
0 0.43291666666666667 0.269375 0.02875 0.03875
0 0.12291666666666666 0.433125 0.055 0.038125
0 0.0425 0.481875 0.05625 0.030625