0 0.37166666666666665 0.7275 0.16041666666666668 0.075625
0 0.6441666666666667 0.719375 0.18666666666666668 0.06125
0 0.7829166666666667 0.48125 0.15791666666666668 0.095625
0 0.4870833333333333 0.505 0.15791666666666668 0.054375
0 0.34208333333333335 0.450625 0.08125 0.0525
0 0.33375 0.405625 0.08166666666666667 0.033125
0 0.19 0.474375 0.11208333333333333 0.026875
0 0.2608333333333333 0.578125 0.11416666666666667 0.0475
0 0.0775 0.58 0.1225 0.050625
0 0.03625 0.44625 0.04 0.024375
0 0.18541666666666667 0.345 0.03333333333333333 0.023125
0 0.19125 0.31875 0.025833333333333333 0.0225
0 0.3566666666666667 0.3225 0.04666666666666667 0.02125
0 0.5533333333333333 0.2625 0.05333333333333334 0.015625
0 0.64625 0.263125 0.04083333333333333 0.03625