0 0.15375 0.586875 0.12083333333333333 0.06
0 0.050416666666666665 0.583125 0.07875 0.04375
0 0.0225 0.48 0.0425 0.0325
0 0.0925 0.4375 0.04583333333333333 0.026875
0 0.235 0.4225 0.05416666666666667 0.0275
0 0.2941666666666667 0.463125 0.10041666666666667 0.025
0 0.35083333333333333 0.4225 0.06708333333333333 0.025
0 0.4741666666666667 0.391875 0.06833333333333333 0.06875
0 0.6425 0.366875 0.04625 0.06875
0 0.8270833333333333 0.345625 0.06875 0.054375
0 0.5325 0.26375 0.04833333333333333 0.0225
0 0.2783333333333333 0.3425 0.03166666666666667 0.044375
0 0.20916666666666667 0.315625 0.04791666666666667 0.020625
0 0.3525 0.29375 0.0375 0.025
0 0.07 0.38125 0.03166666666666667 0.020625
0 0.08041666666666666 0.358125 0.02666666666666667 0.01875
0 0.15208333333333332 0.3725 0.03333333333333333 0.016875
0 0.15041666666666667 0.348125 0.02875 0.020625
0 0.28458333333333335 0.620625 0.09541666666666666 0.036875