0 0.5333333333333333 0.46875 0.11333333333333333 0.0975
0 0.3875 0.504375 0.10625 0.059375
0 0.23291666666666666 0.50125 0.10333333333333333 0.050625
0 0.19 0.40125 0.034166666666666665 0.06
0 0.2941666666666667 0.411875 0.06833333333333333 0.04
0 0.4058333333333333 0.385625 0.05416666666666667 0.0475
0 0.3229166666666667 0.336875 0.034166666666666665 0.03625
0 0.35208333333333336 0.313125 0.01875 0.020625
0 0.4075 0.33125 0.045 0.020625
0 0.5325 0.306875 0.0475 0.04
0 0.38208333333333333 0.2725 0.043333333333333335 0.030625