0 0.6233333333333333 0.39125 0.11041666666666666 0.04
0 0.77375 0.356875 0.09208333333333334 0.054375
0 0.6316666666666667 0.2425 0.058333333333333334 0.036875
0 0.45875 0.40375 0.06416666666666666 0.036875
0 0.3545833333333333 0.465625 0.11458333333333333 0.044375
0 0.31708333333333333 0.41875 0.06416666666666666 0.023125
0 0.24333333333333335 0.411875 0.05583333333333333 0.025625
0 0.32875 0.34375 0.0425 0.024375
0 0.25916666666666666 0.354375 0.035 0.019375
0 0.15 0.420625 0.04791666666666667 0.035
0 0.12583333333333332 0.470625 0.06666666666666667 0.04375
0 0.22458333333333333 0.483125 0.0725 0.041875
0 0.12708333333333333 0.5875 0.11458333333333333 0.0525
0 0.26416666666666666 0.599375 0.10875 0.051875