0 0.5708333333333333 0.721875 0.20791666666666667 0.089375
0 0.26708333333333334 0.580625 0.11291666666666667 0.06125
0 0.15125 0.559375 0.09958333333333333 0.051875
0 0.28625 0.39625 0.0475 0.04625
0 0.37041666666666667 0.333125 0.04125 0.02875
0 0.49875 0.3175 0.04958333333333333 0.024375
0 0.5883333333333334 0.229375 0.04666666666666667 0.029375
0 0.68 0.23125 0.06041666666666667 0.025
0 0.7420833333333333 0.284375 0.055 0.025625
0 0.3933333333333333 0.26125 0.03375 0.020625
0 0.8566666666666667 0.664375 0.11791666666666667 0.1125