0 0.7908333333333334 0.461875 0.13375 0.07125
0 0.8425 0.339375 0.08833333333333333 0.061875
0 0.7591666666666667 0.280625 0.041666666666666664 0.03125
0 0.7 0.25125 0.045 0.050625
0 0.65125 0.38125 0.08166666666666667 0.05
0 0.6166666666666667 0.47125 0.07083333333333333 0.113125
0 0.42 0.49875 0.13708333333333333 0.061875
0 0.5066666666666667 0.38 0.08541666666666667 0.076875
0 0.3645833333333333 0.4125 0.09791666666666667 0.041875
0 0.46041666666666664 0.3275 0.035416666666666666 0.024375
0 0.16041666666666668 0.35625 0.055 0.04
0 0.15416666666666667 0.419375 0.0375 0.05375
0 0.12375 0.505 0.07041666666666667 0.06
0 0.02666666666666667 0.49375 0.043333333333333335 0.069375