0 0.1625 0.699375 0.08041666666666666 0.0475
0 0.04 0.675 0.07583333333333334 0.051875
0 0.12041666666666667 0.493125 0.06 0.0675
0 0.22583333333333333 0.505625 0.09958333333333333 0.0575
0 0.38416666666666666 0.48125 0.11583333333333333 0.074375
0 0.33625 0.37 0.0475 0.049375
0 0.20125 0.360625 0.04125 0.0675
0 0.11333333333333333 0.399375 0.03958333333333333 0.026875
0 0.07041666666666667 0.345625 0.029583333333333333 0.0475
0 0.24208333333333334 0.321875 0.035833333333333335 0.034375
0 0.32083333333333336 0.308125 0.0325 0.033125
0 0.4925 0.241875 0.058333333333333334 0.05
0 0.4195833333333333 0.26 0.05583333333333333 0.024375
0 0.7516666666666667 0.216875 0.08708333333333333 0.03625
0 0.21 0.295625 0.035833333333333335 0.0175