0 0.5591666666666667 0.72625 0.13916666666666666 0.1025
0 0.7175 0.498125 0.16666666666666666 0.06875
0 0.4170833333333333 0.504375 0.14125 0.04
0 0.39 0.424375 0.07833333333333334 0.08625
0 0.30916666666666665 0.40625 0.07875 0.035
0 0.3120833333333333 0.55625 0.13333333333333333 0.12125
0 0.13 0.575625 0.11083333333333334 0.066875
0 0.20958333333333334 0.4525 0.057916666666666665 0.073125
0 0.08875 0.42875 0.04 0.04625
0 0.21291666666666667 0.341875 0.0375 0.04
0 0.3804166666666667 0.306875 0.04416666666666667 0.034375
0 0.4795833333333333 0.301875 0.04958333333333333 0.03875
0 0.28708333333333336 0.7 0.13458333333333333 0.088125
0 0.8479166666666667 0.716875 0.1475 0.088125