0 0.8579166666666667 0.663125 0.11791666666666667 0.101875
0 0.6058333333333333 0.4775 0.13791666666666666 0.065625
0 0.5829166666666666 0.739375 0.17708333333333334 0.11
0 0.16583333333333333 0.7025 0.08708333333333333 0.063125
0 0.06 0.69375 0.051666666666666666 0.0475
0 0.26166666666666666 0.506875 0.09916666666666667 0.06
0 0.40041666666666664 0.51875 0.11875 0.049375
0 0.505 0.321875 0.058333333333333334 0.02125
0 0.6166666666666667 0.276875 0.0425 0.029375
0 0.5558333333333333 0.23875 0.04541666666666667 0.03875
0 0.3620833333333333 0.279375 0.03375 0.0175
0 0.39416666666666667 0.314375 0.042083333333333334 0.03625
0 0.3258333333333333 0.325 0.028333333333333332 0.0275
0 0.17666666666666667 0.383125 0.0425 0.051875
0 0.09541666666666666 0.40375 0.05416666666666667 0.036875