0 0.5970833333333333 0.715625 0.18708333333333332 0.085625
0 0.31666666666666665 0.69625 0.12666666666666668 0.085
0 0.3229166666666667 0.5775 0.12916666666666668 0.05375
0 0.14875 0.5775 0.10583333333333333 0.063125
0 0.03875 0.551875 0.04625 0.04625
0 0.0375 0.453125 0.03833333333333333 0.049375
0 0.235 0.45625 0.12083333333333333 0.05375
0 0.23125 0.38875 0.0575 0.035
0 0.33416666666666667 0.366875 0.05875 0.041875
0 0.45 0.35875 0.0875 0.03625
0 0.6216666666666667 0.374375 0.07083333333333333 0.045625
0 0.78375 0.33125 0.0625 0.0525
0 0.8758333333333334 0.338125 0.06416666666666666 0.0575
0 0.7458333333333333 0.22 0.058333333333333334 0.026875
0 0.6066666666666667 0.2225 0.06708333333333333 0.04
0 0.6395833333333333 0.276875 0.03125 0.029375
0 0.5379166666666667 0.2925 0.06 0.03875
0 0.4241666666666667 0.294375 0.024166666666666666 0.025625
0 0.26916666666666667 0.285 0.04 0.023125
0 0.31416666666666665 0.314375 0.029583333333333333 0.025
0 0.8670833333333333 0.671875 0.08666666666666667 0.15875