0 0.7716666666666666 0.685625 0.21625 0.09875
0 0.5283333333333333 0.73625 0.19625 0.101875
0 0.14583333333333334 0.695 0.11625 0.065625
0 0.36375 0.50625 0.07875 0.070625
0 0.5929166666666666 0.48 0.15791666666666668 0.08625
0 0.7279166666666667 0.290625 0.04958333333333333 0.03875
0 0.8170833333333334 0.265625 0.06875 0.044375
0 0.49 0.33 0.034166666666666665 0.023125
0 0.24708333333333332 0.3375 0.04416666666666667 0.025
0 0.24541666666666667 0.515625 0.10625 0.03875
0 0.13208333333333333 0.41 0.04416666666666667 0.038125
0 0.20375 0.3925 0.045 0.024375