0 0.4683333333333333 0.70625 0.18833333333333332 0.07125
0 0.4820833333333333 0.60125 0.15791666666666668 0.0825
0 0.6475 0.481875 0.15 0.076875
0 0.43833333333333335 0.49 0.06833333333333333 0.100625
0 0.3025 0.51875 0.10583333333333333 0.040625
0 0.24916666666666668 0.7 0.052083333333333336 0.08875
0 0.03375 0.536875 0.0475 0.029375
0 0.05375 0.6725 0.0475 0.045625
0 0.20583333333333334 0.39 0.06625 0.05625
0 0.14916666666666667 0.52 0.06916666666666667 0.045625
0 0.24375 0.315 0.04583333333333333 0.02875
0 0.325 0.28 0.050833333333333335 0.034375
0 0.3254166666666667 0.34125 0.04 0.04
0 0.5541666666666667 0.31875 0.03666666666666667 0.03625
0 0.57125 0.283125 0.050833333333333335 0.030625
0 0.6870833333333334 0.29625 0.06 0.036875
0 0.8620833333333333 0.320625 0.035833333333333335 0.0725