0 0.6433333333333333 0.730625 0.2679166666666667 0.085
0 0.35875 0.694375 0.16416666666666666 0.08125
0 0.15041666666666667 0.675625 0.13375 0.063125
0 0.12666666666666668 0.494375 0.059166666666666666 0.0425
0 0.20583333333333334 0.495625 0.05875 0.065
0 0.3308333333333333 0.493125 0.13291666666666666 0.06375
0 0.5070833333333333 0.486875 0.13083333333333333 0.06125
0 0.60375 0.215 0.03791666666666667 0.049375
0 0.35791666666666666 0.303125 0.04416666666666667 0.026875
0 0.3725 0.268125 0.0375 0.02875
0 0.11541666666666667 0.416875 0.042083333333333334 0.03875
0 0.21416666666666667 0.40375 0.06041666666666667 0.036875
0 0.1175 0.3825 0.03958333333333333 0.0225
0 0.8808333333333334 0.675 0.11375 0.109375