0 0.6079166666666667 0.718125 0.18916666666666668 0.108125
0 0.5733333333333334 0.33375 0.0475 0.0525
0 0.8654166666666666 0.331875 0.09958333333333333 0.05625
0 0.3441666666666667 0.26 0.03666666666666667 0.045625
0 0.24916666666666668 0.3725 0.0425 0.03875
0 0.34375 0.3625 0.04791666666666667 0.045625
0 0.2825 0.32125 0.03791666666666667 0.024375
0 0.20541666666666666 0.33375 0.035 0.02125
0 0.1675 0.380625 0.045 0.0275
0 0.1275 0.465625 0.060833333333333336 0.05
0 0.25083333333333335 0.443125 0.1075 0.049375
0 0.16083333333333333 0.566875 0.11458333333333333 0.05375
0 0.04083333333333333 0.56 0.06708333333333333 0.038125
0 0.2625 0.681875 0.145 0.07125
0 0.32666666666666666 0.5725 0.13083333333333333 0.084375
0 0.8533333333333334 0.696875 0.13708333333333333 0.0725
0 0.37916666666666665 0.4675 0.07458333333333333 0.05875