0 0.7145833333333333 0.6975 0.10333333333333333 0.0675
0 0.7779166666666667 0.470625 0.07458333333333333 0.100625
0 0.58375 0.484375 0.12458333333333334 0.074375
0 0.44625 0.723125 0.07708333333333334 0.0725
0 0.40208333333333335 0.500625 0.10083333333333333 0.051875
0 0.42916666666666664 0.38375 0.06166666666666667 0.058125
0 0.30666666666666664 0.408125 0.0775 0.03125
0 0.26875 0.511875 0.09791666666666667 0.04
0 0.18541666666666667 0.675 0.08125 0.08125
0 0.11416666666666667 0.509375 0.07666666666666666 0.035
0 0.11 0.42125 0.04666666666666667 0.025625
0 0.205 0.406875 0.034166666666666665 0.049375