0 0.4008333333333333 0.453125 0.1175 0.054375
0 0.43666666666666665 0.50625 0.12041666666666667 0.0425
0 0.24208333333333334 0.50875 0.09541666666666666 0.0475
0 0.22458333333333333 0.68 0.11458333333333333 0.054375
0 0.55375 0.73125 0.09416666666666666 0.066875
0 0.79125 0.705 0.16458333333333333 0.05625
0 0.6716666666666666 0.4825 0.11166666666666666 0.0575
0 0.7170833333333333 0.35 0.06875 0.059375
0 0.5879166666666666 0.39 0.08666666666666667 0.025625
0 0.7933333333333333 0.271875 0.07291666666666667 0.0325
0 0.545 0.30625 0.055 0.044375
0 0.405 0.3975 0.07166666666666667 0.03625
0 0.29 0.409375 0.04625 0.033125
0 0.022916666666666665 0.66 0.045 0.066875
0 0.4075 0.275625 0.06833333333333333 0.02125
0 0.3016666666666667 0.33125 0.04375 0.023125