0 0.7558333333333334 0.48125 0.11875 0.085
0 0.7558333333333334 0.360625 0.0875 0.04375
0 0.8204166666666667 0.266875 0.07416666666666667 0.033125
0 0.6908333333333333 0.293125 0.05375 0.025
0 0.6 0.36375 0.05 0.075625
0 0.54625 0.490625 0.09791666666666667 0.065
0 0.34958333333333336 0.49375 0.06291666666666666 0.054375
0 0.30541666666666667 0.406875 0.06 0.02875
0 0.2075 0.415 0.050416666666666665 0.025
0 0.19958333333333333 0.345625 0.03166666666666667 0.035
0 0.07125 0.4825 0.06333333333333334 0.06875
0 0.19666666666666666 0.498125 0.0675 0.066875
0 0.35333333333333333 0.2675 0.03791666666666667 0.0275
0 0.5383333333333333 0.285 0.0675 0.03625