0 0.7983333333333333 0.35125 0.06916666666666667 0.0525
0 0.8633333333333333 0.260625 0.04083333333333333 0.0475
0 0.82375 0.209375 0.057916666666666665 0.029375
0 0.7683333333333333 0.288125 0.028333333333333332 0.025625
0 0.6579166666666667 0.23375 0.0575 0.04375
0 0.5808333333333333 0.3125 0.051666666666666666 0.026875
0 0.45958333333333334 0.331875 0.050416666666666665 0.0175
0 0.47041666666666665 0.36 0.07166666666666667 0.036875
0 0.37583333333333335 0.27375 0.03833333333333333 0.025
0 0.33 0.37375 0.03333333333333333 0.023125
0 0.22916666666666666 0.38 0.04583333333333333 0.04375
0 0.14416666666666667 0.4075 0.056666666666666664 0.0275
0 0.07166666666666667 0.3825 0.035833333333333335 0.024375