0 0.28708333333333336 0.689375 0.10625 0.0825
0 0.5133333333333333 0.711875 0.18041666666666667 0.080625
0 0.8375 0.644375 0.10625 0.115
0 0.8075 0.26 0.06291666666666666 0.0425
0 0.44 0.24625 0.03333333333333333 0.033125
0 0.23333333333333334 0.458125 0.07416666666666667 0.058125
0 0.3566666666666667 0.57125 0.125 0.06125
0 0.12541666666666668 0.466875 0.049166666666666664 0.0425
0 0.25333333333333335 0.378125 0.05333333333333334 0.034375
0 0.3458333333333333 0.361875 0.03958333333333333 0.049375
0 0.165 0.381875 0.03333333333333333 0.038125
0 0.06166666666666667 0.660625 0.10833333333333334 0.049375
0 0.19833333333333333 0.57 0.10333333333333333 0.06
0 0.3854166666666667 0.443125 0.13208333333333333 0.0525