0 0.7991666666666667 0.35625 0.08166666666666667 0.05375
0 0.59625 0.238125 0.05416666666666667 0.030625
0 0.48541666666666666 0.3575 0.07583333333333334 0.03125
0 0.47708333333333336 0.328125 0.055 0.025
0 0.4083333333333333 0.26 0.06041666666666667 0.049375
0 0.29625 0.348125 0.029583333333333333 0.024375
0 0.39 0.37875 0.06625 0.033125
0 0.255 0.374375 0.03666666666666667 0.054375
0 0.20666666666666667 0.365 0.04125 0.019375
0 0.16708333333333333 0.4025 0.04583333333333333 0.02125
0 0.050833333333333335 0.498125 0.05583333333333333 0.083125
0 0.14416666666666667 0.710625 0.11791666666666667 0.065625