0 0.7645833333333333 0.715625 0.18958333333333333 0.083125
0 0.21083333333333334 0.56875 0.14583333333333334 0.06375
0 0.07166666666666667 0.558125 0.09625 0.06875
0 0.06208333333333333 0.470625 0.057916666666666665 0.04
0 0.17958333333333334 0.45625 0.07041666666666667 0.038125
0 0.3045833333333333 0.45875 0.11416666666666667 0.04375
0 0.6375 0.3775 0.09583333333333334 0.03625
0 0.5479166666666667 0.353125 0.07583333333333334 0.04
0 0.5725 0.274375 0.03375 0.05
0 0.5258333333333334 0.24625 0.052083333333333336 0.01875
0 0.6825 0.215 0.06583333333333333 0.0275
0 0.37333333333333335 0.266875 0.041666666666666664 0.038125
0 0.46458333333333335 0.294375 0.0375 0.025625
0 0.39791666666666664 0.3525 0.04791666666666667 0.0275
0 0.26208333333333333 0.365 0.058333333333333334 0.04625
0 0.39458333333333334 0.598125 0.14666666666666667 0.048125