0 0.7004166666666667 0.36 0.04541666666666667 0.0725
0 0.7091666666666666 0.23125 0.056666666666666664 0.0325
0 0.3466666666666667 0.2925 0.050416666666666665 0.025625
0 0.44625 0.259375 0.02875 0.01875
0 0.48375 0.27375 0.020416666666666666 0.0325
0 0.21958333333333332 0.33375 0.0275 0.030625
0 0.25416666666666665 0.35375 0.035416666666666666 0.03125
0 0.38958333333333334 0.41 0.06458333333333334 0.0325
0 0.25458333333333333 0.46 0.10041666666666667 0.065625
0 0.1175 0.46 0.04583333333333333 0.051875
0 0.16083333333333333 0.36625 0.03666666666666667 0.025
0 0.0975 0.595625 0.11875 0.0525
0 0.5183333333333333 0.4025 0.0725 0.0275