0 0.43291666666666667 0.69 0.1625 0.090625
0 0.18083333333333335 0.6775 0.08958333333333333 0.091875
0 0.044583333333333336 0.670625 0.08083333333333333 0.069375
0 0.17166666666666666 0.455 0.042083333333333334 0.049375
0 0.2675 0.454375 0.0675 0.0675
0 0.44708333333333333 0.361875 0.09 0.0475
0 0.5491666666666667 0.34125 0.0625 0.034375
0 0.5433333333333333 0.28 0.04 0.026875
0 0.81625 0.261875 0.05375 0.03125
0 0.86625 0.339375 0.08916666666666667 0.05625
0 0.64875 0.239375 0.06208333333333333 0.023125
0 0.2866666666666667 0.31125 0.0325 0.029375
0 0.22541666666666665 0.38 0.06458333333333334 0.025
0 0.32958333333333334 0.37 0.05625 0.030625
0 0.11875 0.374375 0.050833333333333335 0.05625
0 0.7566666666666667 0.675 0.16791666666666666 0.085