0 0.2325 0.565 0.11208333333333333 0.0575
0 0.36833333333333335 0.576875 0.13708333333333333 0.06125
0 0.37333333333333335 0.691875 0.17041666666666666 0.05375
0 0.7079166666666666 0.700625 0.12666666666666668 0.073125
0 0.7866666666666666 0.475 0.10333333333333333 0.0725
0 0.8204166666666667 0.343125 0.10208333333333333 0.04375
0 0.6566666666666666 0.37125 0.10208333333333333 0.044375
0 0.75125 0.27875 0.056666666666666664 0.0275
0 0.40375 0.39375 0.05375 0.019375
0 0.465 0.449375 0.11583333333333333 0.05375
0 0.28583333333333333 0.46125 0.09916666666666667 0.025625
0 0.20833333333333334 0.461875 0.07583333333333334 0.030625
0 0.07333333333333333 0.4825 0.05875 0.035
0 0.255 0.420625 0.055 0.03625
0 0.18416666666666667 0.35375 0.02875 0.01875
0 0.21583333333333332 0.67625 0.1325 0.061875
0 0.0225 0.671875 0.042083333333333334 0.05625
0 0.8383333333333334 0.19125 0.05333333333333334 0.038125
0 0.7008333333333333 0.2225 0.06 0.029375
0 0.42375 0.260625 0.042083333333333334 0.026875