0 0.6658333333333334 0.710625 0.2225 0.075
0 0.7525 0.49125 0.10583333333333333 0.069375
0 0.5491666666666667 0.48 0.10791666666666666 0.095625
0 0.5420833333333334 0.36875 0.052083333333333336 0.069375
0 0.41458333333333336 0.32375 0.03 0.02125
0 0.37666666666666665 0.48875 0.07833333333333334 0.074375
0 0.33666666666666667 0.69 0.13833333333333334 0.0825
0 0.21416666666666667 0.51 0.08916666666666667 0.036875
0 0.16875 0.41625 0.0375 0.045625
0 0.1525 0.355625 0.0275 0.0275
0 0.11 0.68375 0.12416666666666666 0.076875