0 0.5529166666666666 0.71875 0.11208333333333333 0.1
0 0.7445833333333334 0.706875 0.15791666666666668 0.075
0 0.63125 0.46875 0.07916666666666666 0.1075
0 0.3695833333333333 0.458125 0.05458333333333333 0.06375
0 0.18375 0.685 0.08166666666666667 0.0675
0 0.13708333333333333 0.4725 0.07458333333333333 0.051875
0 0.2758333333333333 0.455625 0.07708333333333334 0.05
0 0.31416666666666665 0.375625 0.06708333333333333 0.034375
0 0.1925 0.366875 0.0475 0.06
0 0.10125 0.39875 0.04 0.025
0 0.42125 0.355625 0.04125 0.05
0 0.7041666666666667 0.354375 0.05333333333333334 0.069375
0 0.6841666666666667 0.27875 0.049166666666666664 0.05
0 0.65 0.225 0.050833333333333335 0.059375