0 0.2075 0.589375 0.10625 0.065625
0 0.38708333333333333 0.6125 0.125 0.041875
0 0.31166666666666665 0.454375 0.085 0.07125
0 0.36875 0.41125 0.04791666666666667 0.035
0 0.28791666666666665 0.4075 0.03916666666666667 0.0275
0 0.185 0.4275 0.05416666666666667 0.023125
0 0.07833333333333334 0.424375 0.045 0.040625
0 0.11208333333333333 0.379375 0.0225 0.016875
0 0.19083333333333333 0.36125 0.03375 0.033125
0 0.1925 0.31 0.027083333333333334 0.04375
0 0.29625 0.286875 0.035416666666666666 0.0475
0 0.40458333333333335 0.2725 0.052083333333333336 0.048125
0 0.4766666666666667 0.329375 0.05375 0.025625
0 0.6091666666666666 0.296875 0.04625 0.03625
0 0.5025 0.404375 0.0775 0.0225
0 0.6733333333333333 0.366875 0.07333333333333333 0.075625
0 0.8254166666666667 0.3375 0.10458333333333333 0.049375
0 0.6966666666666667 0.23125 0.06208333333333333 0.038125
0 0.07125 0.5875 0.11916666666666667 0.045625
0 0.0775 0.483125 0.05625 0.038125