0 0.15625 0.588125 0.10916666666666666 0.05375
0 0.18666666666666668 0.5025 0.08666666666666667 0.045625
0 0.025416666666666667 0.56625 0.04625 0.038125
0 0.06791666666666667 0.413125 0.04 0.041875
0 0.0275 0.499375 0.04958333333333333 0.051875
0 0.08791666666666667 0.516875 0.06625 0.02875
0 0.15166666666666667 0.42375 0.04416666666666667 0.025
0 0.24666666666666667 0.3975 0.057916666666666665 0.05625
0 0.3541666666666667 0.391875 0.09916666666666667 0.036875
0 0.3670833333333333 0.324375 0.041666666666666664 0.03875
0 0.4579166666666667 0.321875 0.037083333333333336 0.0325
0 0.5770833333333333 0.3075 0.04666666666666667 0.0275
0 0.705 0.27625 0.060833333333333336 0.04
0 0.8858333333333334 0.24625 0.045 0.05