0 0.5379166666666667 0.72 0.16916666666666666 0.1025
0 0.305 0.72125 0.14208333333333334 0.0775
0 0.2658333333333333 0.506875 0.11666666666666667 0.0675
0 0.13208333333333333 0.516875 0.08708333333333333 0.05375
0 0.03375 0.521875 0.057916666666666665 0.0475
0 0.044583333333333336 0.681875 0.08083333333333333 0.041875
0 0.12291666666666666 0.395 0.04375 0.04375
0 0.21291666666666667 0.388125 0.04833333333333333 0.030625
0 0.2991666666666667 0.3775 0.049166666666666664 0.030625
0 0.4475 0.331875 0.03333333333333333 0.025
0 0.5883333333333334 0.33375 0.0775 0.0675
0 0.6741666666666667 0.298125 0.05583333333333333 0.040625
0 0.8395833333333333 0.26125 0.04083333333333333 0.044375
0 0.5579166666666666 0.23625 0.043333333333333335 0.05375
0 0.4075 0.264375 0.04375 0.045625
0 0.25 0.2925 0.03666666666666667 0.035
0 0.4008333333333333 0.368125 0.0475 0.02875