0 0.3358333333333333 0.485 0.09375 0.063125
0 0.18458333333333332 0.49 0.06291666666666666 0.070625
0 0.09833333333333333 0.488125 0.042083333333333334 0.065
0 0.09208333333333334 0.4125 0.029166666666666667 0.05625
0 0.14125 0.359375 0.03166666666666667 0.025625
0 0.17458333333333334 0.409375 0.04 0.05
0 0.014583333333333334 0.421875 0.024166666666666666 0.04375
0 0.41208333333333336 0.320625 0.04583333333333333 0.02125
0 0.27458333333333335 0.395625 0.04375 0.0525
0 0.28791666666666665 0.33875 0.04375 0.0425
0 0.5191666666666667 0.246875 0.06291666666666666 0.026875