0 0.21041666666666667 0.560625 0.09791666666666667 0.075
0 0.39416666666666667 0.600625 0.11333333333333333 0.045625
0 0.08791666666666667 0.57 0.09916666666666667 0.058125
0 0.13083333333333333 0.391875 0.024166666666666666 0.035
0 0.29583333333333334 0.283125 0.03666666666666667 0.013125
0 0.31625 0.315625 0.04416666666666667 0.024375
0 0.4554166666666667 0.255625 0.04833333333333333 0.016875
0 0.43375 0.32375 0.0325 0.02875
0 0.5991666666666666 0.289375 0.03958333333333333 0.050625
0 0.6558333333333334 0.22 0.032916666666666664 0.0525
0 0.6758333333333333 0.681875 0.17458333333333334 0.061875