0 0.035416666666666666 0.56625 0.06583333333333333 0.058125
0 0.455 0.366875 0.095 0.049375
0 0.6079166666666667 0.333125 0.0525 0.0425
0 0.8408333333333333 0.33375 0.13 0.076875
0 0.8483333333333334 0.256875 0.052083333333333336 0.0475
0 0.89125 0.216875 0.029583333333333333 0.04625
0 0.8216666666666667 0.200625 0.08416666666666667 0.03125
0 0.6879166666666666 0.22375 0.07875 0.04375
0 0.5816666666666667 0.2275 0.06 0.04375
0 0.5579166666666666 0.279375 0.05 0.03875
0 0.5020833333333333 0.258125 0.0425 0.045625
0 0.27 0.3725 0.06416666666666666 0.03875
0 0.09958333333333333 0.3825 0.05458333333333333 0.035
0 0.16875 0.38375 0.04583333333333333 0.03625
0 0.285 0.315 0.056666666666666664 0.034375