0 0.6608333333333334 0.483125 0.09416666666666666 0.100625
0 0.4066666666666667 0.511875 0.11666666666666667 0.03875
0 0.42541666666666667 0.451875 0.14833333333333334 0.044375
0 0.34291666666666665 0.579375 0.10666666666666667 0.06125
0 0.485 0.723125 0.18541666666666667 0.08875
0 0.25 0.70625 0.155 0.06875
0 0.13916666666666666 0.586875 0.14791666666666667 0.05375
0 0.24083333333333334 0.461875 0.11625 0.051875
0 0.07 0.4375 0.05583333333333333 0.0325
0 0.1625 0.40875 0.052083333333333336 0.06
0 0.15875 0.3475 0.0325 0.026875
0 0.8375 0.693125 0.11291666666666667 0.15125
0 0.83625 0.46625 0.08583333333333333 0.0925