0 0.20958333333333334 0.5775 0.13791666666666666 0.049375
0 0.06416666666666666 0.580625 0.08541666666666667 0.0425
0 0.06125 0.501875 0.042083333333333334 0.051875
0 0.19541666666666666 0.491875 0.09833333333333333 0.0475
0 0.29791666666666666 0.408125 0.0875 0.01875
0 0.40625 0.394375 0.058333333333333334 0.03875
0 0.5666666666666667 0.371875 0.06583333333333333 0.058125
0 0.6483333333333333 0.28375 0.04791666666666667 0.0525
0 0.81375 0.26625 0.04833333333333333 0.0475
0 0.3854166666666667 0.31 0.04666666666666667 0.0325
0 0.1925 0.29 0.03958333333333333 0.024375
0 0.17375 0.3175 0.023333333333333334 0.020625
0 0.23666666666666666 0.34625 0.0425 0.0275