0 0.15375 0.56875 0.09583333333333334 0.05375
0 0.04083333333333333 0.566875 0.07666666666666666 0.049375
0 0.03166666666666667 0.509375 0.042083333333333334 0.03875
0 0.12041666666666667 0.50625 0.06 0.055625
0 0.20458333333333334 0.481875 0.07125 0.099375
0 0.20291666666666666 0.420625 0.05583333333333333 0.035
0 0.12583333333333332 0.428125 0.035 0.030625
0 0.09458333333333334 0.364375 0.03166666666666667 0.02875
0 0.2995833333333333 0.40625 0.049166666666666664 0.036875
0 0.3670833333333333 0.479375 0.1475 0.0525
0 0.4325 0.399375 0.09625 0.033125
0 0.5616666666666666 0.379375 0.10791666666666666 0.04
0 0.7858333333333334 0.344375 0.10041666666666667 0.04625
0 0.8241666666666667 0.264375 0.04125 0.049375
0 0.58625 0.3025 0.025416666666666667 0.025625
0 0.2733333333333333 0.325625 0.0325 0.026875
0 0.21833333333333332 0.291875 0.04125 0.030625
0 0.5125 0.248125 0.05333333333333334 0.0275