0 0.50625 0.715625 0.21458333333333332 0.0725
0 0.7816666666666666 0.48375 0.10875 0.09
0 0.32375 0.516875 0.10041666666666667 0.06375
0 0.22416666666666665 0.578125 0.12541666666666668 0.069375
0 0.2275 0.703125 0.15958333333333333 0.088125
0 0.06833333333333333 0.69375 0.06708333333333333 0.069375
0 0.1025 0.574375 0.08166666666666667 0.069375
0 0.11083333333333334 0.519375 0.08541666666666667 0.033125
0 0.3491666666666667 0.32 0.030833333333333334 0.023125
0 0.2375 0.355625 0.03958333333333333 0.025625
0 0.12416666666666666 0.40375 0.04666666666666667 0.0275
0 0.5516666666666666 0.313125 0.037083333333333336 0.033125
0 0.665 0.299375 0.04416666666666667 0.03875
0 0.8408333333333333 0.265625 0.04375 0.051875
0 0.8866666666666667 0.311875 0.018333333333333333 0.06875
0 0.47125 0.620625 0.12333333333333334 0.04