0 0.23416666666666666 0.685625 0.11208333333333333 0.07875
0 0.355 0.571875 0.13833333333333334 0.060625
0 0.20916666666666667 0.573125 0.12583333333333332 0.061875
0 0.73375 0.215 0.051666666666666666 0.038125
0 0.5125 0.716875 0.20375 0.065625
0 0.06125 0.67375 0.1225 0.0475
0 0.6804166666666667 0.24875 0.04125 0.0575
0 0.11916666666666667 0.470625 0.0575 0.053125
0 0.21958333333333332 0.456875 0.08833333333333333 0.041875
0 0.5745833333333333 0.234375 0.06666666666666667 0.031875
0 0.40625 0.36 0.05625 0.02625
0 0.135 0.388125 0.03875 0.03
0 0.565 0.605625 0.15791666666666668 0.050625
0 0.39 0.4825 0.09291666666666666 0.048125