0 0.16083333333333333 0.688125 0.13125 0.065625
0 0.38958333333333334 0.705 0.15958333333333333 0.079375
0 0.40875 0.57125 0.10833333333333334 0.081875
0 0.27 0.441875 0.07291666666666667 0.060625
0 0.26666666666666666 0.578125 0.11125 0.05875
0 0.01875 0.66625 0.037083333333333336 0.0575
0 0.06958333333333333 0.46875 0.05708333333333333 0.04125
0 0.17333333333333334 0.3825 0.04375 0.04
0 0.25125 0.380625 0.04958333333333333 0.026875
0 0.3720833333333333 0.308125 0.0475 0.024375
0 0.33458333333333334 0.3675 0.05 0.03
0 0.4425 0.496875 0.09708333333333333 0.04