0 0.435 0.401875 0.07541666666666667 0.03125
0 0.3958333333333333 0.456875 0.1075 0.058125
0 0.45375 0.508125 0.15916666666666668 0.059375
0 0.5779166666666666 0.3825 0.08166666666666667 0.0425
0 0.7833333333333333 0.344375 0.09583333333333334 0.044375
0 0.5495833333333333 0.71125 0.14666666666666667 0.0725
0 0.5091666666666667 0.59625 0.11 0.051875
0 0.27166666666666667 0.67625 0.125 0.075
0 0.06666666666666667 0.659375 0.10166666666666667 0.05
0 0.2525 0.46 0.09666666666666666 0.050625
0 0.12958333333333333 0.415 0.0525 0.03125
0 0.7066666666666667 0.276875 0.04958333333333333 0.0425
0 0.56625 0.30625 0.05375 0.038125
0 0.4195833333333333 0.325625 0.05875 0.0175
0 0.835 0.7 0.09375 0.055625