0 0.3804166666666667 0.7 0.14 0.0825
0 0.4483333333333333 0.57625 0.11875 0.084375
0 0.62375 0.685625 0.185 0.11125
0 0.8058333333333333 0.465625 0.10833333333333334 0.083125
0 0.6879166666666666 0.356875 0.06833333333333333 0.07125
0 0.51 0.285 0.04375 0.048125
0 0.2920833333333333 0.435625 0.06208333333333333 0.069375
0 0.19333333333333333 0.44625 0.06916666666666667 0.065
0 0.16666666666666666 0.674375 0.125 0.06875
0 0.07125 0.47125 0.060833333333333336 0.048125
0 0.4116666666666667 0.30625 0.05458333333333333 0.020625
0 0.42375 0.36 0.0775 0.02875
0 0.5220833333333333 0.349375 0.06625 0.030625
0 0.6133333333333333 0.293125 0.03666666666666667 0.041875
0 0.04083333333333333 0.660625 0.08125 0.06