0 0.28375 0.5975 0.14541666666666667 0.0725
0 0.13333333333333333 0.591875 0.12166666666666667 0.051875
0 0.12583333333333332 0.46875 0.057916666666666665 0.041875
0 0.24375 0.4725 0.11875 0.048125
0 0.2075 0.42 0.05458333333333333 0.041875
0 0.21375 0.35625 0.030833333333333334 0.03875
0 0.30083333333333334 0.348125 0.03791666666666667 0.03125
0 0.35875 0.410625 0.07 0.03625
0 0.405 0.374375 0.060833333333333336 0.0325
0 0.47041666666666665 0.395 0.05458333333333333 0.0525
0 0.5766666666666667 0.395 0.058333333333333334 0.0325
0 0.6225 0.3025 0.052083333333333336 0.02875
0 0.51125 0.314375 0.037083333333333336 0.034375
0 0.58125 0.254375 0.049166666666666664 0.025
0 0.315 0.298125 0.03166666666666667 0.024375
0 0.44708333333333333 0.278125 0.0775 0.02125