0 0.3225 0.564375 0.13083333333333333 0.049375
0 0.16458333333333333 0.5725 0.13333333333333333 0.0525
0 0.03833333333333333 0.569375 0.075 0.040625
0 0.05875 0.465625 0.05875 0.044375
0 0.14958333333333335 0.45625 0.05375 0.02875
0 0.2579166666666667 0.454375 0.10375 0.033125
0 0.22416666666666665 0.39 0.05875 0.02875
0 0.33541666666666664 0.368125 0.052083333333333336 0.019375
0 0.4354166666666667 0.359375 0.0925 0.025625
0 0.48291666666666666 0.32 0.03791666666666667 0.0175
0 0.6525 0.3725 0.07833333333333334 0.0275
0 0.89 0.215 0.024166666666666666 0.03625
0 0.6720833333333334 0.281875 0.07541666666666667 0.03625
0 0.7908333333333334 0.3225 0.09 0.029375
0 0.6816666666666666 0.2275 0.07125 0.023125
0 0.34625 0.28375 0.04791666666666667 0.025
0 0.21333333333333335 0.30125 0.037083333333333336 0.023125