0 0.565 0.500625 0.10666666666666667 0.04625
0 0.4866666666666667 0.44125 0.08708333333333333 0.038125
0 0.30875 0.51625 0.09916666666666667 0.034375
0 0.3545833333333333 0.47375 0.1325 0.0475
0 0.31083333333333335 0.700625 0.11333333333333333 0.054375
0 0.6666666666666666 0.72125 0.20875 0.07125
0 0.8454166666666667 0.463125 0.1175 0.086875
0 0.7891666666666667 0.341875 0.1275 0.03875
0 0.8583333333333333 0.259375 0.07291666666666667 0.025625
0 0.6608333333333334 0.3775 0.12833333333333333 0.033125
0 0.48083333333333333 0.32 0.0525 0.03625
0 0.6133333333333333 0.299375 0.043333333333333335 0.035
0 0.4920833333333333 0.268125 0.03375 0.038125
0 0.69875 0.25625 0.056666666666666664 0.04625
0 0.36833333333333335 0.279375 0.03791666666666667 0.040625
0 0.26416666666666666 0.4 0.04583333333333333 0.033125
0 0.2 0.40625 0.0425 0.0475
0 0.09583333333333334 0.665 0.07291666666666667 0.058125
0 0.24708333333333332 0.29375 0.0275 0.03125
0 0.35208333333333336 0.23375 0.028333333333333332 0.04
0 0.34 0.408125 0.0725 0.034375