0 0.46416666666666667 0.475625 0.13791666666666666 0.058125
0 0.3125 0.5025 0.1075 0.050625
0 0.26875 0.704375 0.11958333333333333 0.07125
0 0.09416666666666666 0.683125 0.08125 0.054375
0 0.06875 0.500625 0.06041666666666667 0.048125
0 0.19208333333333333 0.49375 0.08416666666666667 0.065
0 0.16583333333333333 0.37 0.034166666666666665 0.050625
0 0.042916666666666665 0.4225 0.035 0.03625
0 0.21208333333333335 0.32375 0.027083333333333334 0.034375
0 0.1525 0.335 0.025833333333333333 0.02125
0 0.28375 0.30875 0.0425 0.041875
0 0.36 0.270625 0.05375 0.024375
0 0.44458333333333333 0.250625 0.07333333333333333 0.03875
0 0.5554166666666667 0.279375 0.0525 0.0275
0 0.5891666666666666 0.225625 0.04416666666666667 0.029375
0 0.8216666666666667 0.2 0.06208333333333333 0.0275