0 0.7208333333333333 0.7025 0.19875 0.061875
0 0.4141666666666667 0.704375 0.15541666666666668 0.07875
0 0.425 0.60125 0.105 0.045625
0 0.2475 0.56625 0.1175 0.080625
0 0.15666666666666668 0.673125 0.14125 0.05375
0 0.11208333333333333 0.563125 0.10041666666666667 0.059375
0 0.07541666666666667 0.450625 0.045 0.054375
0 0.33416666666666667 0.44375 0.10041666666666667 0.02875
0 0.29833333333333334 0.366875 0.042083333333333334 0.041875
0 0.4033333333333333 0.32125 0.0475 0.04625
0 0.7483333333333333 0.210625 0.034166666666666665 0.03625
0 0.8908333333333334 0.183125 0.0325 0.035
0 0.8883333333333333 0.25625 0.049166666666666664 0.041875