0 0.44 0.579375 0.15666666666666668 0.08125
0 0.6541666666666667 0.66875 0.16958333333333334 0.145625
0 0.3770833333333333 0.6975 0.15208333333333332 0.07875
0 0.20083333333333334 0.661875 0.1025 0.085625
0 0.2733333333333333 0.576875 0.09958333333333333 0.059375
0 0.18708333333333332 0.47 0.058333333333333334 0.049375
0 0.31166666666666665 0.338125 0.029166666666666667 0.02875
0 0.2504166666666667 0.329375 0.03916666666666667 0.0325
0 0.32083333333333336 0.370625 0.06458333333333334 0.0275
0 0.41583333333333333 0.366875 0.06708333333333333 0.040625
0 0.4195833333333333 0.3 0.037083333333333336 0.036875
0 0.5220833333333333 0.348125 0.035833333333333335 0.025625
0 0.5433333333333333 0.279375 0.035833333333333335 0.038125
0 0.6808333333333333 0.335625 0.06833333333333333 0.045625
0 0.7329166666666667 0.28625 0.06916666666666667 0.036875
0 0.7525 0.205625 0.04375 0.055625
0 0.8425 0.33875 0.09583333333333334 0.0775
0 0.8808333333333334 0.186875 0.03125 0.038125