0 0.6820833333333334 0.71875 0.21125 0.091875
0 0.47791666666666666 0.474375 0.07666666666666666 0.119375
0 0.24916666666666668 0.706875 0.14625 0.061875
0 0.3120833333333333 0.516875 0.11291666666666667 0.06
0 0.18791666666666668 0.515 0.07041666666666667 0.055625
0 0.07041666666666667 0.695 0.06333333333333334 0.061875
0 0.10375 0.39625 0.042083333333333334 0.040625
0 0.2608333333333333 0.35625 0.042083333333333334 0.030625
0 0.4116666666666667 0.3675 0.06708333333333333 0.036875
0 0.4683333333333333 0.32875 0.056666666666666664 0.03875
0 0.5975 0.316875 0.042083333333333334 0.0225
0 0.6716666666666666 0.273125 0.0475 0.036875
0 0.7666666666666667 0.290625 0.045 0.0225
0 0.8645833333333334 0.26 0.04666666666666667 0.06125
0 0.8641666666666666 0.333125 0.032916666666666664 0.061875
0 0.40166666666666667 0.275625 0.0425 0.0225