0 0.4066666666666667 0.481875 0.1425 0.06
0 0.24125 0.4975 0.09333333333333334 0.074375
0 0.13875 0.505 0.08166666666666667 0.05625
0 0.18916666666666668 0.686875 0.08291666666666667 0.0775
0 0.035 0.49875 0.049166666666666664 0.06
0 0.052083333333333336 0.3925 0.03666666666666667 0.03875
0 0.09625 0.394375 0.04583333333333333 0.036875
0 0.19291666666666665 0.38125 0.032916666666666664 0.026875
0 0.5829166666666666 0.279375 0.041666666666666664 0.02875
0 0.47583333333333333 0.29125 0.042083333333333334 0.025
0 0.3954166666666667 0.263125 0.03791666666666667 0.0325
0 0.29791666666666666 0.31875 0.03666666666666667 0.020625
0 0.22833333333333333 0.330625 0.029166666666666667 0.01875
0 0.1775 0.3325 0.035 0.024375
0 0.12708333333333333 0.339375 0.028333333333333332 0.015625
0 0.18916666666666668 0.29 0.029166666666666667 0.0325
0 0.74625 0.216875 0.060833333333333336 0.025
0 0.051666666666666666 0.6775 0.07708333333333334 0.05875