0 0.23625 0.72 0.17833333333333334 0.068125
0 0.31416666666666665 0.5825 0.1475 0.065
0 0.5004166666666666 0.5225 0.1075 0.04625
0 0.49666666666666665 0.740625 0.16458333333333333 0.083125
0 0.765 0.499375 0.12041666666666667 0.07125
0 0.8829166666666667 0.305 0.03125 0.050625
0 0.78375 0.278125 0.050833333333333335 0.038125
0 0.6495833333333333 0.306875 0.04958333333333333 0.019375
0 0.6020833333333333 0.28625 0.041666666666666664 0.03875
0 0.4945833333333333 0.303125 0.06833333333333333 0.0325
0 0.32166666666666666 0.293125 0.0375 0.0325
0 0.3225 0.350625 0.034166666666666665 0.0275
0 0.3570833333333333 0.474375 0.14625 0.04375
0 0.2125 0.509375 0.07833333333333334 0.065
0 0.09833333333333333 0.583125 0.12083333333333333 0.059375
0 0.16166666666666665 0.350625 0.0225 0.026875
0 0.275 0.333125 0.03833333333333333 0.024375
0 0.04083333333333333 0.391875 0.04125 0.048125
0 0.8141666666666667 0.681875 0.15083333333333335 0.120625