0 0.5066666666666667 0.5075 0.13125 0.03875
0 0.6983333333333334 0.48 0.15375 0.041875
0 0.36583333333333334 0.508125 0.13 0.04375
0 0.21 0.490625 0.09916666666666667 0.055625
0 0.065 0.5125 0.07708333333333334 0.058125
0 0.0825 0.67875 0.08583333333333333 0.068125
0 0.15333333333333332 0.41625 0.034166666666666665 0.041875
0 0.08125 0.42125 0.03833333333333333 0.029375
0 0.22041666666666668 0.350625 0.04125 0.03125
0 0.3025 0.345625 0.05 0.033125
0 0.37416666666666665 0.329375 0.030833333333333334 0.0275
0 0.7825 0.264375 0.06291666666666666 0.04
0 0.5045833333333334 0.379375 0.10875 0.03125
0 0.36291666666666667 0.404375 0.09375 0.0275