0 0.31583333333333335 0.5025 0.0825 0.069375
0 0.7395833333333334 0.478125 0.09791666666666667 0.06
0 0.5591666666666667 0.7025 0.12041666666666667 0.083125
0 0.29791666666666666 0.69375 0.11458333333333333 0.086875
0 0.07458333333333333 0.67125 0.12041666666666667 0.073125
0 0.15166666666666667 0.498125 0.1075 0.035
0 0.14583333333333334 0.408125 0.028333333333333332 0.0275
0 0.60375 0.379375 0.09 0.038125
0 0.4741666666666667 0.386875 0.09083333333333334 0.049375
0 0.7979166666666667 0.338125 0.0925 0.054375
0 0.705 0.28625 0.07333333333333333 0.03125
0 0.8166666666666667 0.250625 0.052083333333333336 0.044375
0 0.8716666666666667 0.2475 0.029166666666666667 0.034375
0 0.5816666666666667 0.299375 0.07166666666666667 0.04
0 0.47375 0.313125 0.060833333333333336 0.0325
0 0.1775 0.333125 0.034166666666666665 0.0275