0 0.58375 0.72875 0.18166666666666667 0.074375
0 0.37166666666666665 0.721875 0.11875 0.054375
0 0.3441666666666667 0.505625 0.11333333333333333 0.03875
0 0.3383333333333333 0.45625 0.09833333333333333 0.035
0 0.49 0.454375 0.0725 0.05
0 0.6091666666666666 0.50625 0.1275 0.0425
0 0.86625 0.46 0.08375 0.066875
0 0.8283333333333334 0.34375 0.07 0.05
0 0.6691666666666667 0.366875 0.059166666666666666 0.0325
0 0.4091666666666667 0.365 0.06 0.0325
0 0.34458333333333335 0.401875 0.07125 0.03125
0 0.09166666666666666 0.67625 0.08416666666666667 0.04375
0 0.3233333333333333 0.305625 0.03791666666666667 0.033125
0 0.5204166666666666 0.28625 0.03833333333333333 0.029375
0 0.6429166666666667 0.26875 0.05583333333333333 0.03125