0 0.325 0.488125 0.1125 0.069375
0 0.175 0.493125 0.06458333333333334 0.07125
0 0.09 0.49375 0.09541666666666666 0.07125
0 0.14083333333333334 0.39375 0.04 0.03625
0 0.09166666666666666 0.393125 0.0375 0.03625
0 0.2520833333333333 0.375 0.04375 0.024375
0 0.6466666666666666 0.270625 0.05625 0.036875
0 0.5366666666666666 0.2825 0.049166666666666664 0.033125
0 0.5308333333333334 0.241875 0.06625 0.03125
0 0.69 0.225625 0.0675 0.0275
0 0.46166666666666667 0.255625 0.06 0.025625
0 0.35875 0.291875 0.06166666666666667 0.054375
0 0.2708333333333333 0.313125 0.034166666666666665 0.030625
0 0.23583333333333334 0.280625 0.041666666666666664 0.0425
0 0.21291666666666667 0.324375 0.03333333333333333 0.029375