0 0.8058333333333333 0.46125 0.12083333333333333 0.0925
0 0.57125 0.4975 0.11208333333333333 0.0525
0 0.37958333333333333 0.49625 0.10666666666666667 0.066875
0 0.19541666666666666 0.5025 0.07583333333333334 0.05375
0 0.09583333333333334 0.685 0.06458333333333334 0.0525
0 0.32416666666666666 0.3725 0.06583333333333333 0.03125
0 0.44333333333333336 0.360625 0.057916666666666665 0.0325
0 0.47833333333333333 0.39375 0.07083333333333333 0.036875
0 0.6345833333333334 0.2625 0.042083333333333334 0.045625
0 0.7 0.224375 0.0375 0.03125
0 0.7754166666666666 0.269375 0.04541666666666667 0.035
0 0.39666666666666667 0.325 0.0375 0.036875
0 0.36291666666666667 0.275 0.024166666666666666 0.044375
0 0.3275 0.31 0.03 0.026875
0 0.27875 0.2775 0.03166666666666667 0.051875
0 0.2525 0.320625 0.035833333333333335 0.023125
0 0.20416666666666666 0.324375 0.03666666666666667 0.026875