0 0.48041666666666666 0.484375 0.07875 0.094375
0 0.6858333333333333 0.46375 0.1675 0.06875
0 0.78 0.349375 0.11625 0.049375
0 0.8170833333333334 0.270625 0.06583333333333333 0.023125
0 0.54625 0.295625 0.06458333333333334 0.04375
0 0.5858333333333333 0.381875 0.07583333333333334 0.04
0 0.4325 0.399375 0.085 0.034375
0 0.3883333333333333 0.335 0.05333333333333334 0.019375
0 0.4525 0.2525 0.04583333333333333 0.0325
0 0.1325 0.35625 0.050416666666666665 0.03625
0 0.19458333333333333 0.4175 0.05875 0.033125
0 0.3325 0.505 0.09541666666666666 0.05625
0 0.07041666666666667 0.495625 0.07166666666666667 0.065625