0 0.625 0.71875 0.185 0.075
0 0.7629166666666667 0.474375 0.12458333333333334 0.065625
0 0.8675 0.3125 0.04125 0.0525
0 0.6179166666666667 0.31375 0.07333333333333333 0.0275
0 0.6641666666666667 0.2675 0.0475 0.033125
0 0.7645833333333333 0.29125 0.06166666666666667 0.019375
0 0.38416666666666666 0.515 0.11041666666666666 0.0575
0 0.3825 0.58375 0.11 0.061875
0 0.32958333333333334 0.708125 0.18041666666666667 0.095625
0 0.10666666666666667 0.6775 0.13208333333333333 0.045625
0 0.08 0.52375 0.06041666666666667 0.05625
0 0.23 0.5125 0.07958333333333334 0.058125
0 0.26708333333333334 0.373125 0.06 0.055625
0 0.17125 0.405625 0.035416666666666666 0.0425
0 0.3641666666666667 0.348125 0.04541666666666667 0.0275
0 0.51875 0.29375 0.04666666666666667 0.034375
0 0.52 0.6125 0.1025 0.05875