0 0.4658333333333333 0.6975 0.15833333333333333 0.059375
0 0.26708333333333334 0.69 0.15 0.058125
0 0.30333333333333334 0.580625 0.09625 0.035
0 0.19125 0.566875 0.0825 0.049375
0 0.07416666666666667 0.67375 0.10375 0.04375
0 0.40791666666666665 0.448125 0.105 0.0425
0 0.25833333333333336 0.459375 0.09375 0.05375
0 0.15833333333333333 0.448125 0.06583333333333333 0.036875
0 0.04833333333333333 0.479375 0.07333333333333333 0.04
0 0.3358333333333333 0.374375 0.07541666666666667 0.040625
0 0.4525 0.363125 0.06833333333333333 0.036875
0 0.44708333333333333 0.3975 0.06208333333333333 0.0275
0 0.5833333333333334 0.370625 0.09083333333333334 0.045625
0 0.7120833333333333 0.370625 0.07708333333333334 0.03875
0 0.8695833333333334 0.465 0.065 0.09
0 0.7945833333333333 0.26875 0.05875 0.030625
0 0.6441666666666667 0.29375 0.0425 0.033125
0 0.4075 0.296875 0.041666666666666664 0.02875
0 0.5608333333333333 0.25625 0.06 0.0275
0 0.7729166666666667 0.215 0.049166666666666664 0.04
0 0.8408333333333333 0.684375 0.065 0.1125