0 0.49666666666666665 0.718125 0.2175 0.0675
0 0.81875 0.6275 0.13541666666666666 0.05375
0 0.67875 0.4825 0.1125 0.06125
0 0.7675 0.36375 0.08333333333333333 0.040625
0 0.4245833333333333 0.3975 0.0625 0.026875
0 0.22458333333333333 0.55625 0.09416666666666666 0.076875
0 0.2608333333333333 0.696875 0.14583333333333334 0.0675
0 0.08958333333333333 0.680625 0.08375 0.051875
0 0.15666666666666668 0.470625 0.0675 0.05375
0 0.3308333333333333 0.399375 0.042083333333333334 0.03625
0 0.3233333333333333 0.450625 0.060833333333333336 0.045625
0 0.40541666666666665 0.45625 0.06625 0.049375
0 0.6025 0.384375 0.060833333333333336 0.036875
0 0.5491666666666667 0.304375 0.04083333333333333 0.038125
0 0.8745833333333334 0.2225 0.024583333333333332 0.0475