0 0.60125 0.726875 0.18666666666666668 0.075625
0 0.2725 0.579375 0.12541666666666668 0.063125
0 0.1225 0.571875 0.12125 0.0475
0 0.22458333333333333 0.4575 0.07916666666666666 0.044375
0 0.22041666666666668 0.385 0.059166666666666666 0.03125
0 0.12333333333333334 0.356875 0.04833333333333333 0.02125
0 0.11083333333333334 0.465 0.08541666666666667 0.0475
0 0.44208333333333333 0.346875 0.0525 0.045625
0 0.41083333333333333 0.300625 0.03916666666666667 0.025625
0 0.6058333333333333 0.3475 0.09125 0.0525
0 0.8270833333333333 0.34625 0.10416666666666667 0.04625
0 0.63375 0.266875 0.06 0.05
0 0.5666666666666667 0.23125 0.049166666666666664 0.035
0 0.48125 0.611875 0.10833333333333334 0.056875
0 0.36291666666666667 0.475 0.09041666666666667 0.049375