0 0.13541666666666666 0.6025 0.10625 0.04375
0 0.03375 0.586875 0.06625 0.035
0 0.16291666666666665 0.448125 0.06416666666666666 0.070625
0 0.3016666666666667 0.47875 0.12 0.05375
0 0.34541666666666665 0.418125 0.04958333333333333 0.025
0 0.4675 0.39625 0.059166666666666666 0.04625
0 0.6358333333333334 0.385 0.10041666666666667 0.03125
0 0.7966666666666666 0.358125 0.08958333333333333 0.048125
0 0.7983333333333333 0.21375 0.051666666666666666 0.01875
0 0.6775 0.2325 0.05416666666666667 0.03875
0 0.51 0.246875 0.07416666666666667 0.026875
0 0.44125 0.2775 0.03166666666666667 0.025
0 0.22458333333333333 0.33 0.029583333333333333 0.0175
0 0.0675 0.48125 0.04625 0.036875