0 0.4033333333333333 0.6925 0.1425 0.05375
0 0.7645833333333333 0.6975 0.13958333333333334 0.05
0 0.7975 0.45875 0.12 0.049375
0 0.3670833333333333 0.580625 0.13291666666666666 0.055625
0 0.22875 0.686875 0.10208333333333333 0.051875
0 0.22708333333333333 0.56375 0.08666666666666667 0.04625
0 0.03791666666666667 0.639375 0.07541666666666667 0.091875
0 0.060833333333333336 0.476875 0.0525 0.029375
0 0.1825 0.45625 0.07 0.024375
0 0.27125 0.458125 0.11291666666666667 0.04
0 0.4454166666666667 0.4525 0.12083333333333333 0.04375
0 0.28 0.393125 0.0525 0.06375
0 0.35875 0.37875 0.08666666666666667 0.033125
0 0.42875 0.40125 0.07833333333333334 0.02125
0 0.5758333333333333 0.370625 0.075 0.05375
0 0.6979166666666666 0.365 0.08 0.04625
0 0.8725 0.3425 0.05416666666666667 0.063125
0 0.48541666666666666 0.361875 0.06875 0.036875
0 0.4270833333333333 0.30125 0.03833333333333333 0.019375
0 0.5966666666666667 0.30625 0.06 0.029375
0 0.6866666666666666 0.266875 0.059166666666666666 0.025
0 0.78375 0.286875 0.0375 0.029375
0 0.19666666666666666 0.35 0.0475 0.025625