0 0.5179166666666667 0.716875 0.23583333333333334 0.083125
0 0.33375 0.57875 0.11833333333333333 0.063125
0 0.17 0.565625 0.10791666666666666 0.070625
0 0.13541666666666666 0.464375 0.06458333333333334 0.045625
0 0.2704166666666667 0.4425 0.0825 0.059375
0 0.2504166666666667 0.379375 0.06625 0.03875
0 0.1475 0.39375 0.0625 0.038125
0 0.19 0.300625 0.041666666666666664 0.025
0 0.33125 0.350625 0.05333333333333334 0.073125
0 0.35208333333333336 0.30875 0.04083333333333333 0.026875
0 0.4766666666666667 0.349375 0.07 0.045625
0 0.5370833333333334 0.286875 0.04541666666666667 0.026875
0 0.39916666666666667 0.329375 0.03666666666666667 0.035
0 0.79375 0.356875 0.0875 0.045625
0 0.8770833333333333 0.2525 0.049166666666666664 0.048125
0 0.8908333333333334 0.703125 0.1275 0.079375
0 0.0225 0.55875 0.0425 0.058125
0 0.4033333333333333 0.49 0.08583333333333333 0.0325