0 0.7495833333333334 0.361875 0.11875 0.059375
0 0.5629166666666666 0.373125 0.06 0.070625
0 0.4275 0.415 0.08375 0.020625
0 0.395 0.469375 0.10166666666666667 0.040625
0 0.305 0.59375 0.11625 0.0675
0 0.17875 0.584375 0.12833333333333333 0.044375
0 0.0625 0.568125 0.07083333333333333 0.045625
0 0.043333333333333335 0.500625 0.07916666666666666 0.035
0 0.17333333333333334 0.451875 0.056666666666666664 0.065
0 0.26875 0.4725 0.11875 0.06
0 0.30291666666666667 0.425625 0.0525 0.029375
0 0.43416666666666665 0.32625 0.0225 0.04375
0 0.7904166666666667 0.70125 0.11041666666666666 0.085
0 0.48625 0.693125 0.17708333333333334 0.065