0 0.6579166666666667 0.705625 0.20458333333333334 0.0925
0 0.36125 0.706875 0.17208333333333334 0.076875
0 0.13083333333333333 0.700625 0.11583333333333333 0.065
0 0.18916666666666668 0.58125 0.10166666666666667 0.06125
0 0.3254166666666667 0.5925 0.13791666666666666 0.070625
0 0.42791666666666667 0.5075 0.10375 0.059375
0 0.61 0.499375 0.11166666666666666 0.065625
0 0.7979166666666667 0.474375 0.13 0.094375
0 0.88625 0.31375 0.030833333333333334 0.065
0 0.7633333333333333 0.28 0.07916666666666666 0.04
0 0.5920833333333333 0.31375 0.045 0.024375
0 0.5358333333333334 0.28875 0.05 0.033125
0 0.4825 0.319375 0.043333333333333335 0.0425
0 0.2625 0.33375 0.034166666666666665 0.038125
0 0.18291666666666667 0.366875 0.034166666666666665 0.019375
0 0.23666666666666666 0.530625 0.059166666666666666 0.029375
0 0.05541666666666667 0.519375 0.07041666666666667 0.040625