0 0.6183333333333333 0.508125 0.11583333333333333 0.066875
0 0.47375 0.453125 0.10375 0.04375
0 0.42833333333333334 0.505625 0.11458333333333333 0.036875
0 0.40875 0.726875 0.11 0.06125
0 0.38916666666666666 0.583125 0.11666666666666667 0.09375
0 0.2945833333333333 0.480625 0.09541666666666666 0.055625
0 0.3145833333333333 0.416875 0.07708333333333334 0.030625
0 0.42333333333333334 0.40375 0.0775 0.036875
0 0.20833333333333334 0.71125 0.15125 0.05375
0 0.24083333333333334 0.584375 0.12333333333333334 0.055625
0 0.19416666666666665 0.420625 0.04583333333333333 0.0475
0 0.17416666666666666 0.345625 0.041666666666666664 0.030625
0 0.24625 0.336875 0.029583333333333333 0.023125
0 0.26375 0.310625 0.02666666666666667 0.0175
0 0.10166666666666667 0.435 0.04375 0.033125
0 0.03958333333333333 0.649375 0.07333333333333333 0.094375
0 0.7575 0.686875 0.1625 0.101875
0 0.82875 0.46 0.07375 0.11125