0 0.8608333333333333 0.469375 0.08958333333333333 0.105625
0 0.6725 0.36875 0.06333333333333334 0.0525
0 0.6733333333333333 0.73125 0.2075 0.109375
0 0.3383333333333333 0.6825 0.17625 0.09375
0 0.14875 0.66625 0.10833333333333334 0.0675
0 0.2 0.47 0.095 0.054375
0 0.335 0.3825 0.03375 0.06875
0 0.33166666666666667 0.445625 0.08375 0.06
0 0.5483333333333333 0.493125 0.11625 0.0675
0 0.41333333333333333 0.356875 0.06166666666666667 0.058125
0 0.5133333333333333 0.391875 0.06666666666666667 0.05
0 0.6275 0.265625 0.04625 0.04625
0 0.24916666666666668 0.32625 0.04791666666666667 0.04
0 0.019583333333333335 0.656875 0.03916666666666667 0.06625