0 0.27 0.58375 0.12916666666666668 0.054375
0 0.1475 0.5675 0.08416666666666667 0.059375
0 0.11916666666666667 0.450625 0.0575 0.055625
0 0.030833333333333334 0.465625 0.0525 0.035
0 0.16541666666666666 0.38125 0.050416666666666665 0.023125
0 0.27125 0.339375 0.035416666666666666 0.038125
0 0.34125 0.270625 0.02666666666666667 0.035
0 0.4508333333333333 0.364375 0.06916666666666667 0.0325
0 0.5570833333333334 0.34875 0.07875 0.041875
0 0.5545833333333333 0.271875 0.045 0.0475
0 0.635 0.301875 0.050833333333333335 0.025625
0 0.8804166666666666 0.320625 0.06 0.06