0 0.045 0.556875 0.08333333333333333 0.038125
0 0.15458333333333332 0.568125 0.11291666666666667 0.069375
0 0.31083333333333335 0.591875 0.13166666666666665 0.04375
0 0.49 0.611875 0.09666666666666666 0.030625
0 0.7454166666666666 0.358125 0.08166666666666667 0.036875
0 0.6454166666666666 0.35125 0.056666666666666664 0.045625
0 0.6979166666666666 0.285 0.04666666666666667 0.036875
0 0.6454166666666666 0.26875 0.04083333333333333 0.020625
0 0.5516666666666666 0.249375 0.059166666666666666 0.015625
0 0.55625 0.300625 0.07083333333333333 0.03625
0 0.49 0.391875 0.08708333333333333 0.019375
0 0.4270833333333333 0.360625 0.0575 0.02125
0 0.3883333333333333 0.33125 0.041666666666666664 0.023125
0 0.33166666666666667 0.29 0.035833333333333335 0.0175
0 0.31916666666666665 0.370625 0.06166666666666667 0.026875
0 0.25583333333333336 0.449375 0.07583333333333334 0.025625
0 0.16291666666666665 0.46 0.06875 0.0325
0 0.06041666666666667 0.466875 0.07583333333333334 0.03875
0 0.8670833333333333 0.744375 0.1475 0.07875