0 0.51375 0.72625 0.17708333333333334 0.084375
0 0.42541666666666667 0.604375 0.13666666666666666 0.075625
0 0.5016666666666667 0.50625 0.10875 0.06
0 0.6804166666666667 0.47125 0.09208333333333334 0.120625
0 0.8225 0.629375 0.12875 0.069375
0 0.8791666666666667 0.313125 0.024166666666666666 0.051875
0 0.8516666666666667 0.251875 0.04083333333333333 0.055625
0 0.6991666666666667 0.29375 0.06583333333333333 0.025625
0 0.7 0.266875 0.035416666666666666 0.025625
0 0.27958333333333335 0.57125 0.10208333333333333 0.066875
0 0.22916666666666666 0.6975 0.15 0.076875
0 0.05583333333333333 0.68375 0.0475 0.05625
0 0.15333333333333332 0.525625 0.08333333333333333 0.038125
0 0.12166666666666667 0.411875 0.041666666666666664 0.029375
0 0.20416666666666666 0.37125 0.034166666666666665 0.06875
0 0.43583333333333335 0.333125 0.022916666666666665 0.03125