0 0.49166666666666664 0.5025 0.14083333333333334 0.048125
0 0.6770833333333334 0.46375 0.12416666666666666 0.05375
0 0.3358333333333333 0.499375 0.12666666666666668 0.051875
0 0.18 0.48875 0.07041666666666667 0.044375
0 0.06208333333333333 0.51875 0.09083333333333334 0.0475
0 0.46958333333333335 0.388125 0.115 0.054375
0 0.33625 0.400625 0.09125 0.030625
0 0.10791666666666666 0.3725 0.035833333333333335 0.033125
0 0.6120833333333333 0.30375 0.06458333333333334 0.03125
0 0.75 0.2775 0.055 0.03875
0 0.4675 0.3175 0.0775 0.029375
0 0.4483333333333333 0.265 0.05416666666666667 0.02875
0 0.058333333333333334 0.680625 0.09375 0.049375