0 0.16333333333333333 0.699375 0.12625 0.0575
0 0.2425 0.4975 0.11083333333333334 0.063125
0 0.4008333333333333 0.4525 0.11041666666666666 0.0525
0 0.4891666666666667 0.506875 0.10041666666666667 0.045625
0 0.7066666666666667 0.4875 0.11625 0.0675
0 0.6729166666666667 0.381875 0.059166666666666666 0.030625
0 0.8141666666666667 0.34375 0.04958333333333333 0.055625
0 0.7895833333333333 0.204375 0.055 0.025
0 0.40625 0.366875 0.06875 0.026875
0 0.2808333333333333 0.38125 0.07708333333333334 0.025625
0 0.395 0.311875 0.06041666666666667 0.0275
0 0.41291666666666665 0.274375 0.04416666666666667 0.030625
0 0.3283333333333333 0.28625 0.029583333333333333 0.024375