0 0.72 0.7125 0.17291666666666666 0.09375
0 0.46375 0.715 0.19125 0.07125
0 0.37125 0.575 0.15583333333333332 0.075625
0 0.21 0.570625 0.13375 0.055625
0 0.21291666666666667 0.6925 0.13166666666666665 0.05375
0 0.09583333333333334 0.558125 0.08958333333333333 0.044375
0 0.15166666666666667 0.461875 0.05583333333333333 0.036875
0 0.28875 0.456875 0.09208333333333334 0.038125
0 0.2525 0.375625 0.05625 0.04375
0 0.34708333333333335 0.36875 0.043333333333333335 0.03625
0 0.47583333333333333 0.343125 0.06166666666666667 0.065625
0 0.5725 0.38875 0.0525 0.025625
0 0.7120833333333333 0.3425 0.07583333333333334 0.063125
0 0.8304166666666667 0.344375 0.07541666666666667 0.044375
0 0.8591666666666666 0.24625 0.03375 0.044375
0 0.87125 0.175625 0.04791666666666667 0.059375
0 0.6758333333333333 0.233125 0.05625 0.024375
0 0.72875 0.286875 0.06291666666666666 0.024375
0 0.57125 0.27625 0.03125 0.0325
0 0.4816666666666667 0.291875 0.05458333333333333 0.03125
0 0.34208333333333335 0.309375 0.03166666666666667 0.020625
0 0.2945833333333333 0.2725 0.03375 0.0275
0 0.2675 0.341875 0.051666666666666666 0.0325
0 0.08583333333333333 0.465 0.06041666666666667 0.03125