0 0.8241666666666667 0.461875 0.095 0.085
0 0.8333333333333334 0.338125 0.10333333333333333 0.065625
0 0.8804166666666666 0.249375 0.05583333333333333 0.045625
0 0.6141666666666666 0.221875 0.04666666666666667 0.0525
0 0.6591666666666667 0.37625 0.11416666666666667 0.034375
0 0.6283333333333333 0.485625 0.11 0.0525
0 0.51 0.38375 0.08083333333333333 0.054375
0 0.4270833333333333 0.49375 0.08416666666666667 0.05625
0 0.24958333333333332 0.49125 0.09833333333333333 0.080625
0 0.11333333333333333 0.50625 0.10666666666666667 0.041875
0 0.07208333333333333 0.408125 0.04833333333333333 0.06875
0 0.24666666666666667 0.415 0.052083333333333336 0.02875
0 0.3591666666666667 0.405 0.08083333333333333 0.026875
0 0.3516666666666667 0.28125 0.03791666666666667 0.036875