0 0.67125 0.736875 0.20833333333333334 0.075625
0 0.37625 0.704375 0.1775 0.095625
0 0.16666666666666666 0.69875 0.10083333333333333 0.06625
0 0.12125 0.50125 0.06166666666666667 0.05625
0 0.2175 0.521875 0.09666666666666666 0.041875
0 0.33625 0.52 0.11833333333333333 0.04375
0 0.52875 0.493125 0.11916666666666667 0.07125
0 0.7075 0.499375 0.14833333333333334 0.07875
0 0.09083333333333334 0.399375 0.02875 0.030625
0 0.11083333333333334 0.435625 0.04125 0.02875
0 0.3308333333333333 0.326875 0.04833333333333333 0.033125
0 0.34708333333333335 0.28125 0.037083333333333336 0.0325
0 0.2325 0.2975 0.050833333333333335 0.036875
0 0.8708333333333333 0.71625 0.11125 0.083125