0 0.7358333333333333 0.71125 0.20375 0.08875
0 0.20875 0.564375 0.12833333333333333 0.076875
0 0.09083333333333334 0.566875 0.09333333333333334 0.048125
0 0.18416666666666667 0.465 0.09 0.04625
0 0.07541666666666667 0.44625 0.05583333333333333 0.065
0 0.042083333333333334 0.379375 0.0425 0.0575
0 0.12041666666666667 0.383125 0.03125 0.025625
0 0.20166666666666666 0.3825 0.05416666666666667 0.044375
0 0.25875 0.374375 0.0425 0.02875
0 0.34208333333333335 0.3525 0.04625 0.054375
0 0.4125 0.2775 0.034166666666666665 0.02125
0 0.6175 0.27125 0.0425 0.029375
0 0.3458333333333333 0.595625 0.09458333333333334 0.0525