0 0.18958333333333333 0.595625 0.14583333333333334 0.055625
0 0.056666666666666664 0.58625 0.11166666666666666 0.05
0 0.06625 0.481875 0.058333333333333334 0.04
0 0.18833333333333332 0.4575 0.09125 0.085
0 0.2604166666666667 0.351875 0.041666666666666664 0.033125
0 0.3620833333333333 0.341875 0.0375 0.033125
0 0.4379166666666667 0.395 0.08125 0.061875
0 0.5579166666666666 0.37875 0.04666666666666667 0.065
0 0.5729166666666666 0.3175 0.058333333333333334 0.033125
0 0.6758333333333333 0.379375 0.06625 0.036875
0 0.6966666666666667 0.298125 0.04083333333333333 0.03875
0 0.86375 0.25125 0.03375 0.04375