0 0.6641666666666667 0.7075 0.22083333333333333 0.079375
0 0.6491666666666667 0.496875 0.09666666666666666 0.069375
0 0.8916666666666667 0.456875 0.0825 0.09
0 0.8266666666666667 0.345625 0.11208333333333333 0.05375
0 0.685 0.369375 0.07041666666666667 0.0425
0 0.5241666666666667 0.3825 0.06041666666666667 0.03875
0 0.3854166666666667 0.509375 0.11666666666666667 0.0425
0 0.3154166666666667 0.454375 0.11625 0.0475
0 0.41375 0.726875 0.14416666666666667 0.055625
0 0.14916666666666667 0.665625 0.1225 0.065
0 0.6245833333333334 0.27625 0.05625 0.034375
0 0.40125 0.325625 0.04416666666666667 0.026875
0 0.30291666666666667 0.31375 0.02875 0.0275
0 0.0925 0.3675 0.03375 0.024375
0 0.022083333333333333 0.65625 0.035 0.05
0 0.8183333333333334 0.263125 0.06875 0.03125
0 0.8716666666666667 0.185 0.04833333333333333 0.033125