0 0.18666666666666668 0.584375 0.13333333333333333 0.044375
0 0.17 0.503125 0.10166666666666667 0.04375
0 0.0625 0.49 0.06041666666666667 0.075625
0 0.04416666666666667 0.5675 0.08166666666666667 0.044375
0 0.14083333333333334 0.419375 0.0675 0.033125
0 0.23291666666666666 0.415 0.05875 0.025625
0 0.34 0.386875 0.06 0.059375
0 0.25916666666666666 0.33625 0.05375 0.03875
0 0.17375 0.319375 0.024583333333333332 0.04625
0 0.4454166666666667 0.3225 0.06583333333333333 0.036875
0 0.5608333333333333 0.31375 0.04 0.01875
0 0.6833333333333333 0.285625 0.045 0.04
0 0.8675 0.255625 0.0425 0.040625
0 0.8391666666666666 0.186875 0.05875 0.040625