0 0.17083333333333334 0.720625 0.08333333333333333 0.0525
0 0.21291666666666667 0.491875 0.09166666666666666 0.076875
0 0.08708333333333333 0.5275 0.05875 0.030625
0 0.17875 0.39 0.04083333333333333 0.041875
0 0.3175 0.3925 0.041666666666666664 0.040625
0 0.43666666666666665 0.360625 0.06666666666666667 0.050625
0 0.8020833333333334 0.270625 0.0575 0.05
0 0.7770833333333333 0.211875 0.06041666666666667 0.02875
0 0.6120833333333333 0.274375 0.050416666666666665 0.029375
0 0.58625 0.31125 0.035 0.0275
0 0.5104166666666666 0.294375 0.041666666666666664 0.0225
0 0.47875 0.33 0.042083333333333334 0.02875
0 0.43625 0.266875 0.051666666666666666 0.029375
0 0.33958333333333335 0.285625 0.049166666666666664 0.02125
0 0.2733333333333333 0.363125 0.035416666666666666 0.019375