0 0.3333333333333333 0.583125 0.1125 0.040625
0 0.50875 0.6875 0.19625 0.061875
0 0.18083333333333335 0.575625 0.1225 0.05
0 0.04625 0.56125 0.08791666666666667 0.036875
0 0.13375 0.435 0.04583333333333333 0.069375
0 0.26 0.456875 0.10875 0.0475
0 0.18375 0.383125 0.05333333333333334 0.035
0 0.14666666666666667 0.336875 0.035 0.020625
0 0.225 0.3275 0.028333333333333332 0.02875
0 0.3254166666666667 0.308125 0.04666666666666667 0.036875
0 0.33375 0.36375 0.04625 0.035
0 0.44083333333333335 0.34875 0.07541666666666667 0.049375
0 0.5675 0.301875 0.058333333333333334 0.044375
0 0.70375 0.25875 0.04625 0.041875