0 0.5033333333333333 0.673125 0.15291666666666667 0.095
0 0.7670833333333333 0.35625 0.10375 0.0475
0 0.5941666666666666 0.388125 0.09125 0.04375
0 0.45208333333333334 0.408125 0.075 0.03125
0 0.45 0.324375 0.03 0.04375
0 0.31416666666666665 0.41375 0.06 0.033125
0 0.195 0.43 0.04583333333333333 0.026875
0 0.25458333333333333 0.47 0.09208333333333334 0.04
0 0.29583333333333334 0.58125 0.11875 0.074375
0 0.39458333333333334 0.4675 0.08708333333333333 0.04625
0 0.1725 0.58125 0.10375 0.05
0 0.045 0.574375 0.07958333333333334 0.049375
0 0.034166666666666665 0.5025 0.06458333333333334 0.036875
0 0.1425 0.421875 0.04583333333333333 0.038125
0 0.32625 0.346875 0.035833333333333335 0.02875
0 0.8425 0.68625 0.09625 0.109375