0 0.10666666666666667 0.576875 0.10083333333333333 0.05
0 0.21416666666666667 0.57625 0.095 0.058125
0 0.3416666666666667 0.6025 0.0925 0.051875
0 0.40375 0.6925 0.215 0.048125
0 0.72625 0.715625 0.18291666666666667 0.0775
0 0.81 0.466875 0.135 0.1025
0 0.7008333333333333 0.366875 0.06583333333333333 0.05375
0 0.5308333333333334 0.3875 0.06916666666666667 0.045625
0 0.40625 0.466875 0.07916666666666666 0.0525
0 0.29625 0.4725 0.06916666666666667 0.045625
0 0.28583333333333333 0.425 0.0625 0.0275
0 0.2925 0.346875 0.035 0.030625
0 0.21166666666666667 0.359375 0.049166666666666664 0.029375
0 0.16708333333333333 0.42625 0.043333333333333335 0.030625
0 0.21208333333333335 0.464375 0.05458333333333333 0.030625
0 0.06458333333333334 0.49375 0.07083333333333333 0.045625
0 0.11541666666666667 0.41875 0.04125 0.0325