0 0.34125 0.458125 0.11166666666666666 0.100625
0 0.19916666666666666 0.501875 0.07541666666666667 0.055625
0 0.10583333333333333 0.501875 0.05875 0.05
0 0.06625 0.391875 0.045 0.03875
0 0.02 0.393125 0.0325 0.03625
0 0.12333333333333334 0.395625 0.056666666666666664 0.041875
0 0.24166666666666667 0.374375 0.07 0.034375
0 0.35291666666666666 0.354375 0.03916666666666667 0.055625
0 0.6245833333333334 0.26875 0.050416666666666665 0.03875
0 0.7066666666666667 0.220625 0.05875 0.05375
0 0.5133333333333333 0.27625 0.04416666666666667 0.04375
0 0.4379166666666667 0.241875 0.07 0.055625
0 0.5158333333333334 0.240625 0.04416666666666667 0.0275