0 0.7420833333333333 0.71125 0.17083333333333334 0.074375
0 0.6908333333333333 0.500625 0.12666666666666668 0.065625
0 0.4708333333333333 0.733125 0.18 0.065625
0 0.47291666666666665 0.520625 0.13833333333333334 0.041875
0 0.37583333333333335 0.469375 0.13833333333333334 0.04625
0 0.33916666666666667 0.5575 0.10458333333333333 0.1
0 0.20708333333333334 0.516875 0.10166666666666667 0.03625
0 0.11875 0.575 0.1075 0.059375
0 0.19458333333333333 0.701875 0.13083333333333333 0.085625
0 0.8858333333333334 0.3025 0.0225 0.04
0 0.755 0.28875 0.06166666666666667 0.0225
0 0.62875 0.28125 0.04541666666666667 0.03625
0 0.5491666666666667 0.2625 0.05416666666666667 0.02875
0 0.28875 0.304375 0.042083333333333334 0.0275
0 0.205 0.30875 0.03833333333333333 0.038125
0 0.06708333333333333 0.3975 0.03166666666666667 0.04375