0 0.31166666666666665 0.575 0.13666666666666666 0.0725
0 0.16541666666666666 0.5775 0.11916666666666667 0.0475
0 0.05375 0.565 0.08333333333333333 0.0575
0 0.04833333333333333 0.458125 0.049166666666666664 0.049375
0 0.1225 0.391875 0.0425 0.0325
0 0.25375 0.375625 0.07041666666666667 0.029375
0 0.19666666666666666 0.331875 0.0375 0.019375
0 0.105 0.34625 0.035 0.020625
0 0.0425 0.3925 0.02 0.0275
0 0.815 0.27375 0.07958333333333334 0.025
0 0.5158333333333334 0.288125 0.06 0.030625
0 0.4404166666666667 0.2525 0.03166666666666667 0.02875
0 0.3575 0.265 0.041666666666666664 0.0425
0 0.58 0.670625 0.11791666666666667 0.035625