0 0.5645833333333333 0.359375 0.0575 0.05
0 0.5645833333333333 0.3175 0.06333333333333334 0.029375
0 0.7129166666666666 0.29 0.07833333333333334 0.0425
0 0.785 0.218125 0.06 0.02875
0 0.8670833333333333 0.26 0.03833333333333333 0.04
0 0.5508333333333333 0.24 0.08333333333333333 0.038125
0 0.47875 0.363125 0.07291666666666667 0.02875
0 0.395 0.343125 0.04583333333333333 0.02125
0 0.25708333333333333 0.383125 0.06916666666666667 0.02875
0 0.17666666666666667 0.396875 0.06875 0.026875
0 0.06291666666666666 0.40375 0.04833333333333333 0.040625