0 0.6779166666666666 0.708125 0.25125 0.086875
0 0.38916666666666666 0.701875 0.1675 0.098125
0 0.17708333333333334 0.68125 0.1125 0.076875
0 0.025416666666666667 0.65625 0.03958333333333333 0.065
0 0.05541666666666667 0.485625 0.06 0.04375
0 0.115 0.50375 0.04625 0.0425
0 0.21625 0.495625 0.07958333333333334 0.065625
0 0.37 0.486875 0.11166666666666666 0.080625
0 0.5054166666666666 0.49 0.12125 0.091875
0 0.7329166666666667 0.465 0.12458333333333334 0.069375
0 0.7191666666666666 0.20125 0.05416666666666667 0.04375
0 0.4216666666666667 0.3025 0.04 0.033125
0 0.44416666666666665 0.248125 0.0475 0.048125
0 0.34375 0.311875 0.04375 0.019375
0 0.2475 0.271875 0.037083333333333336 0.0475
0 0.2025 0.331875 0.03833333333333333 0.02125
0 0.14208333333333334 0.4025 0.043333333333333335 0.058125
0 0.0575 0.408125 0.043333333333333335 0.048125