0 0.06333333333333334 0.5875 0.10583333333333333 0.050625
0 0.065 0.48125 0.09166666666666666 0.035
0 0.22958333333333333 0.39 0.03333333333333333 0.026875
0 0.34708333333333335 0.378125 0.06708333333333333 0.030625
0 0.4504166666666667 0.36875 0.07875 0.0275
0 0.5941666666666666 0.31 0.055 0.03125
0 0.7079166666666666 0.286875 0.06 0.033125
0 0.8341666666666666 0.2625 0.0725 0.03625
0 0.7545833333333334 0.338125 0.06666666666666667 0.0525
0 0.6075 0.383125 0.105 0.05375
0 0.29 0.305625 0.04958333333333333 0.016875
0 0.8108333333333333 0.20875 0.05875 0.03625