0 0.6004166666666667 0.475 0.14583333333333334 0.0775
0 0.41583333333333333 0.50625 0.12541666666666668 0.045625
0 0.2575 0.495625 0.09 0.063125
0 0.10875 0.42125 0.0425 0.033125
0 0.21083333333333334 0.41375 0.04958333333333333 0.036875
0 0.24291666666666667 0.351875 0.04 0.024375
0 0.31625 0.34125 0.04666666666666667 0.0175
0 0.345 0.273125 0.04375 0.024375
0 0.17125 0.3575 0.029166666666666667 0.01875
0 0.03166666666666667 0.425625 0.0375 0.019375
0 0.014166666666666666 0.4975 0.0275 0.049375