0 0.22875 0.573125 0.145 0.05375
0 0.1025 0.541875 0.09583333333333334 0.08625
0 0.03166666666666667 0.4375 0.05375 0.073125
0 0.10333333333333333 0.461875 0.056666666666666664 0.03125
0 0.12875 0.388125 0.035416666666666666 0.033125
0 0.2175 0.36375 0.0675 0.04625
0 0.1775 0.31 0.04 0.01875
0 0.31625 0.3675 0.06916666666666667 0.024375
0 0.4375 0.36125 0.09083333333333334 0.0275
0 0.5725 0.37375 0.06208333333333333 0.034375
0 0.8479166666666667 0.266875 0.07291666666666667 0.02875
0 0.6508333333333334 0.2925 0.05458333333333333 0.029375
0 0.5883333333333334 0.235625 0.034166666666666665 0.04375