0 0.3491666666666667 0.716875 0.14833333333333334 0.065
0 0.38166666666666665 0.475 0.0875 0.085
0 0.5108333333333334 0.479375 0.09625 0.08875
0 0.7291666666666666 0.475625 0.10333333333333333 0.075625
0 0.30375 0.39125 0.05416666666666667 0.050625
0 0.22 0.5025 0.08791666666666667 0.05
0 0.20916666666666667 0.41 0.034166666666666665 0.05
0 0.11416666666666667 0.511875 0.06833333333333333 0.0475
0 0.17125 0.703125 0.065 0.043125
0 0.025833333333333333 0.425 0.04666666666666667 0.035
0 0.019583333333333335 0.6575 0.03916666666666667 0.07125