0 0.22041666666666668 0.506875 0.09 0.038125
0 0.18916666666666668 0.706875 0.08958333333333333 0.04375
0 0.36833333333333335 0.7175 0.14666666666666667 0.04625
0 0.5920833333333333 0.48875 0.09666666666666666 0.033125
0 0.8241666666666667 0.4775 0.08666666666666667 0.063125
0 0.40375 0.485625 0.1125 0.0475
0 0.09916666666666667 0.50625 0.08125 0.03625
0 0.012916666666666667 0.673125 0.025 0.05
0 0.3825 0.3975 0.08666666666666667 0.03625
0 0.26208333333333333 0.405 0.07708333333333334 0.0325
0 0.17916666666666667 0.416875 0.06458333333333334 0.044375
0 0.5175 0.386875 0.09666666666666666 0.041875
0 0.6870833333333334 0.35625 0.09 0.0475
0 0.7983333333333333 0.266875 0.04583333333333333 0.035
0 0.8854166666666666 0.24125 0.09083333333333334 0.04375
0 0.40375 0.3275 0.06416666666666666 0.0175
0 0.5191666666666667 0.320625 0.05458333333333333 0.035