0 0.7025 0.470625 0.11291666666666667 0.0925
0 0.7125 0.365625 0.06166666666666667 0.05
0 0.8329166666666666 0.3525 0.07583333333333334 0.0575
0 0.5366666666666666 0.3375 0.06875 0.04375
0 0.39875 0.504375 0.10041666666666667 0.048125
0 0.42125 0.708125 0.11083333333333334 0.080625
0 0.18583333333333332 0.69375 0.095 0.063125
0 0.27166666666666667 0.465625 0.1125 0.0775
0 0.2991666666666667 0.3725 0.06666666666666667 0.04
0 0.18875 0.383125 0.05375 0.0475
0 0.021666666666666667 0.664375 0.03375 0.0525
0 0.42291666666666666 0.345 0.05625 0.0675
0 0.47541666666666665 0.29125 0.05458333333333333 0.02875
0 0.5125 0.254375 0.05333333333333334 0.04375