0 0.15541666666666668 0.580625 0.1025 0.044375
0 0.30291666666666667 0.5925 0.11625 0.06875
0 0.3525 0.518125 0.15333333333333332 0.038125
0 0.3825 0.454375 0.13291666666666666 0.036875
0 0.22 0.4675 0.09625 0.05
0 0.10583333333333333 0.42 0.04583333333333333 0.054375
0 0.46708333333333335 0.705625 0.17 0.1075
0 0.7941666666666667 0.700625 0.11666666666666667 0.116875
0 0.8795833333333334 0.305 0.0275 0.058125
0 0.6991666666666667 0.233125 0.07166666666666667 0.025625
0 0.5004166666666666 0.2975 0.06875 0.038125
0 0.4033333333333333 0.336875 0.04125 0.025625
0 0.39708333333333334 0.308125 0.03166666666666667 0.02125
0 0.4083333333333333 0.283125 0.0325 0.025625
0 0.29541666666666666 0.295 0.04833333333333333 0.0325
0 0.3229166666666667 0.32375 0.03833333333333333 0.02125