0 0.3275 0.7075 0.16083333333333333 0.064375
0 0.6170833333333333 0.71375 0.185 0.093125
0 0.4841666666666667 0.595 0.14125 0.055625
0 0.28833333333333333 0.571875 0.14458333333333334 0.05875
0 0.18041666666666667 0.446875 0.0775 0.068125
0 0.12125 0.673125 0.13541666666666666 0.051875
0 0.19333333333333333 0.3825 0.04041666666666666 0.0325
0 0.7975 0.2075 0.06041666666666667 0.029375
0 0.27208333333333334 0.368125 0.05458333333333333 0.031875
0 0.325 0.46125 0.11375 0.055625
0 0.14916666666666667 0.56875 0.09708333333333333 0.048125