0 0.25416666666666665 0.689375 0.17083333333333334 0.07875
0 0.4920833333333333 0.70875 0.15416666666666667 0.104375
0 0.7958333333333333 0.689375 0.12333333333333334 0.086875
0 0.36625 0.57375 0.14541666666666667 0.065625
0 0.21916666666666668 0.574375 0.13375 0.06125
0 0.09083333333333334 0.56125 0.10375 0.03875
0 0.07333333333333333 0.47875 0.08166666666666667 0.025625
0 0.21916666666666668 0.456875 0.08833333333333333 0.023125
0 0.4241666666666667 0.45 0.09125 0.0275
0 0.8791666666666667 0.4525 0.07416666666666667 0.090625
0 0.56625 0.384375 0.105 0.0425
0 0.5433333333333333 0.305 0.052083333333333336 0.0325
0 0.6425 0.296875 0.05 0.026875
0 0.8204166666666667 0.266875 0.04625 0.03875
0 0.8670833333333333 0.249375 0.03791666666666667 0.045625
0 0.34875 0.389375 0.08083333333333333 0.02875
0 0.4325 0.321875 0.03916666666666667 0.025