0 0.7683333333333333 0.7075 0.11875 0.055625
0 0.8191666666666667 0.464375 0.09666666666666666 0.088125
0 0.59 0.495625 0.13916666666666666 0.049375
0 0.4841666666666667 0.72375 0.15375 0.073125
0 0.39666666666666667 0.59125 0.10458333333333333 0.0825
0 0.41 0.5 0.0975 0.086875
0 0.26625 0.5025 0.07958333333333334 0.063125
0 0.21541666666666667 0.6975 0.16291666666666665 0.063125
0 0.04125 0.68 0.07458333333333333 0.065
0 0.21666666666666667 0.42875 0.0675 0.025625
0 0.31416666666666665 0.416875 0.07125 0.030625
0 0.4033333333333333 0.265 0.03958333333333333 0.034375
0 0.15958333333333333 0.340625 0.025416666666666667 0.0225
0 0.17666666666666667 0.363125 0.028333333333333332 0.025
0 0.03916666666666667 0.436875 0.0425 0.03625
0 0.10458333333333333 0.436875 0.04833333333333333 0.029375