0 0.5575 0.719375 0.14208333333333334 0.098125
0 0.5225 0.49375 0.12666666666666668 0.07125
0 0.7129166666666666 0.485 0.11833333333333333 0.099375
0 0.635 0.27875 0.04833333333333333 0.044375
0 0.38166666666666665 0.2725 0.043333333333333335 0.03125
0 0.34291666666666665 0.32125 0.04416666666666667 0.033125
0 0.28291666666666665 0.34 0.060833333333333336 0.03625
0 0.17791666666666667 0.515625 0.09333333333333334 0.0775
0 0.12083333333333333 0.690625 0.155 0.059375
0 0.30541666666666667 0.71125 0.13041666666666665 0.0925
0 0.455 0.605625 0.14916666666666667 0.070625
0 0.035833333333333335 0.514375 0.055 0.050625