0 0.26375 0.7075 0.15416666666666667 0.065
0 0.28708333333333336 0.5075 0.1 0.03875
0 0.385 0.45 0.095 0.055625
0 0.42875 0.399375 0.05333333333333334 0.03625
0 0.43583333333333335 0.35875 0.06333333333333334 0.04
0 0.30583333333333335 0.405625 0.05458333333333333 0.036875
0 0.185 0.3975 0.04375 0.04625
0 0.06041666666666667 0.66375 0.10625 0.05
0 0.48 0.7325 0.18916666666666668 0.073125
0 0.5091666666666667 0.50125 0.11333333333333333 0.049375
0 0.7541666666666667 0.28 0.0325 0.034375
0 0.33958333333333335 0.3325 0.049166666666666664 0.033125
0 0.20916666666666667 0.28875 0.0225 0.020625