0 0.6708333333333333 0.3725 0.075 0.05625
0 0.8225 0.320625 0.07583333333333334 0.03875
0 0.7645833333333333 0.283125 0.050833333333333335 0.030625
0 0.5616666666666666 0.354375 0.06583333333333333 0.033125
0 0.5004166666666666 0.32625 0.04666666666666667 0.02125
0 0.66625 0.3025 0.0475 0.029375
0 0.695 0.235 0.06666666666666667 0.04
0 0.25125 0.355 0.03791666666666667 0.02875
0 0.3075 0.378125 0.05458333333333333 0.025
0 0.3304166666666667 0.300625 0.029583333333333333 0.015625
0 0.19625 0.394375 0.0475 0.0225
0 0.025 0.58375 0.041666666666666664 0.038125