0 0.4666666666666667 0.72375 0.19875 0.065625
0 0.4041666666666667 0.50875 0.105 0.05625
0 0.38416666666666666 0.4475 0.1125 0.03875
0 0.7525 0.711875 0.10916666666666666 0.055625
0 0.855 0.258125 0.050416666666666665 0.0425
0 0.17875 0.58875 0.07125 0.051875
0 0.195 0.70625 0.12833333333333333 0.058125
0 0.20291666666666666 0.500625 0.09958333333333333 0.070625
0 0.04833333333333333 0.68375 0.09666666666666666 0.054375
0 0.23166666666666666 0.335 0.021666666666666667 0.029375
0 0.23833333333333334 0.2975 0.03833333333333333 0.041875
0 0.3358333333333333 0.58875 0.13 0.06
0 0.8645833333333334 0.478125 0.09375 0.074375
0 0.6579166666666667 0.489375 0.06583333333333333 0.089375