0 0.74625 0.47375 0.13666666666666666 0.08625
0 0.7033333333333334 0.36 0.06416666666666666 0.05625
0 0.83125 0.349375 0.08416666666666667 0.051875
0 0.8666666666666667 0.25625 0.050833333333333335 0.044375
0 0.79875 0.20125 0.056666666666666664 0.038125
0 0.5508333333333333 0.285625 0.06333333333333334 0.034375
0 0.57875 0.386875 0.06833333333333333 0.0325
0 0.52125 0.504375 0.12958333333333333 0.050625
0 0.37166666666666665 0.461875 0.1125 0.045625
0 0.37875 0.306875 0.04083333333333333 0.030625
0 0.24791666666666667 0.378125 0.04083333333333333 0.041875
0 0.2658333333333333 0.504375 0.12916666666666668 0.0525
0 0.22916666666666666 0.6975 0.14583333333333334 0.070625
0 0.27666666666666667 0.325 0.034166666666666665 0.024375
0 0.08416666666666667 0.343125 0.042083333333333334 0.041875
0 0.20666666666666667 0.3325 0.02875 0.0225
0 0.06833333333333333 0.693125 0.12416666666666666 0.04