0 0.8316666666666667 0.34 0.06708333333333333 0.05625
0 0.84125 0.454375 0.08 0.076875
0 0.3933333333333333 0.499375 0.115 0.065625
0 0.3433333333333333 0.72125 0.15833333333333333 0.0425
0 0.15791666666666668 0.6975 0.09666666666666666 0.0525
0 0.21708333333333332 0.4875 0.06208333333333333 0.09
0 0.3575 0.41 0.0625 0.025625
0 0.5079166666666667 0.34125 0.0825 0.06375
0 0.4708333333333333 0.401875 0.07416666666666667 0.03125
0 0.61125 0.26875 0.04125 0.036875
0 0.39958333333333335 0.294375 0.03916666666666667 0.035
0 0.2783333333333333 0.316875 0.03916666666666667 0.02125