0 0.6695833333333333 0.698125 0.21625 0.063125
0 0.6758333333333333 0.373125 0.08708333333333333 0.05
0 0.53875 0.39375 0.09333333333333334 0.035
0 0.5529166666666666 0.250625 0.051666666666666666 0.038125
0 0.3875 0.41 0.06041666666666667 0.04
0 0.2025 0.585 0.11708333333333333 0.0575
0 0.08833333333333333 0.584375 0.09666666666666666 0.05
0 0.19125 0.47625 0.09083333333333334 0.041875
0 0.25708333333333333 0.424375 0.0475 0.04375
0 0.20125 0.4125 0.02666666666666667 0.030625
0 0.0775 0.439375 0.04583333333333333 0.02875
0 0.12125 0.370625 0.022916666666666665 0.03125
0 0.06916666666666667 0.3825 0.0425 0.029375
0 0.20666666666666667 0.36125 0.03833333333333333 0.03125
0 0.27791666666666665 0.3575 0.04125 0.029375
0 0.3729166666666667 0.345 0.04791666666666667 0.026875
0 0.3258333333333333 0.288125 0.03375 0.0475
0 0.3770833333333333 0.611875 0.10833333333333334 0.03875
0 0.46041666666666664 0.484375 0.06166666666666667 0.055625
0 0.2995833333333333 0.490625 0.0675 0.04625