0 0.48791666666666667 0.715 0.20958333333333334 0.08625
0 0.25375 0.696875 0.15 0.061875
0 0.08041666666666666 0.665625 0.10916666666666666 0.06875
0 0.05416666666666667 0.5 0.0625 0.04625
0 0.15041666666666667 0.4975 0.0775 0.055625
0 0.28583333333333333 0.49375 0.09625 0.066875
0 0.4075 0.479375 0.11416666666666667 0.1075
0 0.6175 0.466875 0.16916666666666666 0.1
0 0.48375 0.291875 0.042083333333333334 0.0275
0 0.5058333333333334 0.235 0.0325 0.041875
0 0.3875 0.305 0.04083333333333333 0.026875
0 0.2945833333333333 0.28 0.03791666666666667 0.0325
0 0.22833333333333333 0.36 0.0525 0.06
0 0.10583333333333333 0.369375 0.035833333333333335 0.055625