0 0.5516666666666666 0.740625 0.13291666666666666 0.074375
0 0.38875 0.485 0.11208333333333333 0.0825
0 0.22291666666666668 0.520625 0.08666666666666667 0.0425
0 0.11083333333333334 0.518125 0.11208333333333333 0.0475
0 0.165 0.70625 0.0775 0.0575
0 0.14083333333333334 0.380625 0.029166666666666667 0.06125
0 0.31583333333333335 0.379375 0.03375 0.025625
0 0.3016666666666667 0.350625 0.055 0.0275
0 0.37875 0.385 0.04791666666666667 0.050625
0 0.40708333333333335 0.34625 0.04541666666666667 0.01875
0 0.49541666666666667 0.36625 0.07166666666666667 0.02875
0 0.7954166666666667 0.35 0.08666666666666667 0.065
0 0.18666666666666668 0.3 0.050416666666666665 0.03875
0 0.7983333333333333 0.66875 0.17458333333333334 0.088125