0 0.3475 0.59125 0.13166666666666665 0.05625
0 0.22666666666666666 0.5675 0.08333333333333333 0.063125
0 0.08708333333333333 0.565 0.07458333333333333 0.06125
0 0.07958333333333334 0.464375 0.051666666666666666 0.02875
0 0.19416666666666665 0.459375 0.085 0.05
0 0.11416666666666667 0.3775 0.043333333333333335 0.0525
0 0.3754166666666667 0.308125 0.03958333333333333 0.029375
0 0.40291666666666665 0.26625 0.04541666666666667 0.025
0 0.47291666666666665 0.295625 0.045 0.036875
0 0.6458333333333334 0.339375 0.0825 0.0325
0 0.8179166666666666 0.35125 0.07041666666666667 0.0525
0 0.5454166666666667 0.236875 0.03125 0.03625