0 0.33125 0.598125 0.13416666666666666 0.063125
0 0.43875 0.715 0.185 0.1
0 0.7466666666666667 0.71875 0.15791666666666668 0.080625
0 0.8645833333333334 0.466875 0.10416666666666667 0.101875
0 0.6866666666666666 0.5075 0.17333333333333334 0.059375
0 0.7433333333333333 0.28 0.05 0.0475
0 0.8795833333333334 0.31 0.03 0.0575
0 0.5133333333333333 0.299375 0.05458333333333333 0.03875
0 0.31666666666666665 0.51875 0.11583333333333333 0.048125
0 0.3975 0.455625 0.10791666666666666 0.051875
0 0.24416666666666667 0.478125 0.1175 0.0325
0 0.17625 0.57875 0.13166666666666665 0.040625
0 0.025833333333333333 0.43125 0.0325 0.051875
0 0.7054166666666667 0.230625 0.04625 0.0275