0 0.5795833333333333 0.72125 0.13333333333333333 0.086875
0 0.7595833333333334 0.485625 0.13916666666666666 0.07125
0 0.6841666666666667 0.3625 0.10875 0.03625
0 0.8775 0.23125 0.020833333333333332 0.03875
0 0.8979166666666667 0.210625 0.025833333333333333 0.03625
0 0.5079166666666667 0.388125 0.08291666666666667 0.03625
0 0.5604166666666667 0.499375 0.07166666666666667 0.05375
0 0.5145833333333333 0.6025 0.16666666666666666 0.0475
0 0.3325 0.705 0.15416666666666667 0.06
0 0.12833333333333333 0.67125 0.10875 0.06
0 0.31375 0.495 0.13916666666666666 0.075
0 0.36666666666666664 0.45625 0.0925 0.05
0 0.37041666666666667 0.40125 0.06666666666666667 0.034375
0 0.22166666666666668 0.34375 0.024166666666666666 0.029375