0 0.7275 0.720625 0.16 0.083125
0 0.675 0.47625 0.19791666666666666 0.091875
0 0.47583333333333333 0.48875 0.06875 0.1
0 0.31916666666666665 0.50625 0.115 0.06375
0 0.27541666666666664 0.70625 0.09625 0.080625
0 0.18375 0.51 0.04583333333333333 0.050625
0 0.04583333333333333 0.51 0.07166666666666667 0.066875
0 0.07125 0.686875 0.06291666666666666 0.05625
0 0.3254166666666667 0.374375 0.035833333333333335 0.06
0 0.15458333333333332 0.40125 0.04833333333333333 0.023125
0 0.36666666666666664 0.325625 0.04791666666666667 0.0175
0 0.44666666666666666 0.313125 0.04125 0.026875
0 0.5095833333333334 0.255 0.03916666666666667 0.019375
0 0.8029166666666666 0.28125 0.07333333333333333 0.034375