0 0.7258333333333333 0.6925 0.18125 0.078125
0 0.8283333333333334 0.456875 0.1025 0.1025
0 0.7441666666666666 0.34 0.09125 0.06375
0 0.5483333333333333 0.37125 0.06708333333333333 0.059375
0 0.5275 0.450625 0.11041666666666666 0.03625
0 0.4241666666666667 0.49875 0.08541666666666667 0.03625
0 0.43125 0.565625 0.08333333333333333 0.06125
0 0.3958333333333333 0.704375 0.16166666666666665 0.06875
0 0.17166666666666666 0.675625 0.10541666666666667 0.06125
0 0.16833333333333333 0.354375 0.04583333333333333 0.02875
0 0.18833333333333332 0.420625 0.05458333333333333 0.025625
0 0.41833333333333333 0.325625 0.032916666666666664 0.020625
0 0.42083333333333334 0.3975 0.0825 0.02875
0 0.55875 0.3025 0.04375 0.033125
0 0.8970833333333333 0.2125 0.02875 0.05625
0 0.66 0.501875 0.13291666666666666 0.055625
0 0.03166666666666667 0.65125 0.05125 0.105