0 0.09083333333333334 0.55875 0.08333333333333333 0.041875
0 0.2175 0.565625 0.12416666666666666 0.04625
0 0.34208333333333335 0.5825 0.10375 0.0725
0 0.49291666666666667 0.71625 0.17125 0.088125
0 0.78 0.711875 0.14 0.0825
0 0.7120833333333333 0.3525 0.0625 0.0675
0 0.5395833333333333 0.371875 0.06458333333333334 0.054375
0 0.4529166666666667 0.385 0.057916666666666665 0.025
0 0.43083333333333335 0.355625 0.06333333333333334 0.03125
0 0.30125 0.450625 0.09416666666666666 0.04375
0 0.43291666666666667 0.463125 0.09791666666666667 0.05375
0 0.3408333333333333 0.400625 0.08125 0.026875
0 0.17166666666666666 0.46 0.06666666666666667 0.03875
0 0.10666666666666667 0.46 0.0575 0.034375
0 0.41 0.269375 0.03958333333333333 0.0275
0 0.42291666666666666 0.325 0.041666666666666664 0.0275
0 0.5279166666666667 0.308125 0.051666666666666666 0.029375
0 0.64 0.295625 0.05583333333333333 0.029375
0 0.7916666666666666 0.276875 0.055 0.0275
0 0.8633333333333333 0.220625 0.0325 0.02875
0 0.8966666666666666 0.22125 0.023333333333333334 0.03875