0 0.06583333333333333 0.686875 0.06666666666666667 0.06375
0 0.2808333333333333 0.70625 0.0925 0.086875
0 0.5458333333333333 0.72125 0.12083333333333333 0.090625
0 0.6383333333333333 0.478125 0.14375 0.099375
0 0.44083333333333335 0.513125 0.12041666666666667 0.05375
0 0.28791666666666665 0.520625 0.11208333333333333 0.04375
0 0.1675 0.513125 0.08416666666666667 0.04375
0 0.14458333333333334 0.435625 0.056666666666666664 0.02875
0 0.04666666666666667 0.410625 0.03833333333333333 0.0325
0 0.07416666666666667 0.365 0.0325 0.02125
0 0.49 0.25625 0.04541666666666667 0.0325
0 0.8666666666666667 0.684375 0.07541666666666667 0.18375
0 0.84 0.440625 0.0875 0.103125