0 0.6029166666666667 0.496875 0.11083333333333334 0.05625
0 0.7191666666666666 0.344375 0.06916666666666667 0.074375
0 0.8825 0.451875 0.09375 0.085
0 0.7879166666666667 0.655 0.11583333333333333 0.094375
0 0.47541666666666665 0.705 0.13375 0.075
0 0.20041666666666666 0.678125 0.09791666666666667 0.055625
0 0.06416666666666666 0.66 0.10333333333333333 0.07875
0 0.17125 0.4775 0.10208333333333333 0.035
0 0.1575 0.41375 0.04541666666666667 0.03125
0 0.15375 0.359375 0.05583333333333333 0.029375
0 0.4275 0.3825 0.06583333333333333 0.05
0 0.3670833333333333 0.454375 0.08 0.0525
0 0.2816666666666667 0.448125 0.06291666666666666 0.035
0 0.39416666666666667 0.30375 0.04583333333333333 0.048125
0 0.49833333333333335 0.313125 0.0325 0.025
0 0.8041666666666667 0.270625 0.07083333333333333 0.04375
0 0.7316666666666667 0.2275 0.04375 0.020625