0 0.08083333333333333 0.5625 0.1125 0.04
0 0.20791666666666667 0.56875 0.105 0.055625
0 0.09666666666666666 0.46375 0.07166666666666667 0.033125
0 0.11958333333333333 0.3975 0.0475 0.026875
0 0.20333333333333334 0.38375 0.06 0.019375
0 0.29791666666666666 0.36875 0.06166666666666667 0.01875
0 0.3408333333333333 0.279375 0.037083333333333336 0.030625
0 0.40041666666666664 0.28875 0.024166666666666666 0.0425
0 0.41333333333333333 0.355 0.05583333333333333 0.04
0 0.5591666666666667 0.34125 0.06333333333333334 0.034375
0 0.49625 0.264375 0.04375 0.025
0 0.6279166666666667 0.271875 0.04833333333333333 0.02125
0 0.67625 0.285 0.03916666666666667 0.03125
0 0.85875 0.265625 0.07041666666666667 0.020625