0 0.44708333333333333 0.713125 0.16041666666666668 0.0725
0 0.39166666666666666 0.575625 0.1375 0.065
0 0.08916666666666667 0.5675 0.10333333333333333 0.0625
0 0.19375 0.68625 0.08541666666666667 0.06625
0 0.21958333333333332 0.56875 0.11291666666666667 0.058125
0 0.35791666666666666 0.2775 0.030416666666666668 0.040625
0 0.28791666666666665 0.458125 0.10666666666666667 0.06
0 0.12875 0.450625 0.050416666666666665 0.05625
0 0.31333333333333335 0.356875 0.03875 0.053125
0 0.39875 0.35 0.041666666666666664 0.081875
0 0.7408333333333333 0.71 0.15708333333333332 0.061875