0 0.8433333333333334 0.2625 0.05333333333333334 0.02875
0 0.72125 0.286875 0.05416666666666667 0.016875
0 0.6020833333333333 0.299375 0.04375 0.0475
0 0.155 0.560625 0.10625 0.076875
0 0.03375 0.55625 0.065 0.051875
0 0.06791666666666667 0.419375 0.04833333333333333 0.03875
0 0.1425 0.4125 0.04 0.04375
0 0.23625 0.4075 0.060833333333333336 0.029375
0 0.22083333333333333 0.29 0.03833333333333333 0.01875
0 0.4525 0.315 0.07291666666666667 0.02875
0 0.34833333333333333 0.396875 0.07875 0.02875
0 0.7925 0.700625 0.10041666666666667 0.075