0 0.34041666666666665 0.59375 0.14125 0.063125
0 0.13541666666666666 0.579375 0.10208333333333333 0.051875
0 0.03833333333333333 0.57125 0.07333333333333333 0.05
0 0.1075 0.48125 0.06333333333333334 0.06125
0 0.12166666666666667 0.41875 0.04583333333333333 0.04
0 0.042916666666666665 0.424375 0.042083333333333334 0.029375
0 0.22166666666666668 0.411875 0.06666666666666667 0.034375
0 0.32166666666666666 0.40375 0.08 0.036875
0 0.4766666666666667 0.38125 0.12458333333333334 0.05
0 0.54 0.311875 0.07583333333333334 0.023125
0 0.5995833333333334 0.27875 0.04958333333333333 0.0275
0 0.70875 0.275625 0.04958333333333333 0.049375
0 0.84125 0.25875 0.0625 0.045625