0 0.21916666666666668 0.490625 0.07041666666666667 0.079375
0 0.35125 0.495625 0.12041666666666667 0.04
0 0.10791666666666666 0.504375 0.08833333333333333 0.04375
0 0.0225 0.495 0.043333333333333335 0.0475
0 0.042083333333333334 0.43125 0.04791666666666667 0.033125
0 0.15083333333333335 0.420625 0.06458333333333334 0.038125
0 0.26166666666666666 0.416875 0.07333333333333333 0.029375
0 0.365 0.399375 0.07875 0.03625
0 0.485 0.380625 0.10375 0.05375
0 0.5854166666666667 0.308125 0.0575 0.02125
0 0.7220833333333333 0.2875 0.06416666666666666 0.025
0 0.8654166666666666 0.249375 0.051666666666666666 0.044375
0 0.48375 0.31375 0.03666666666666667 0.0275
0 0.25708333333333333 0.3425 0.04541666666666667 0.03125
0 0.36625 0.328125 0.04083333333333333 0.038125