0 0.3775 0.579375 0.14416666666666667 0.058125
0 0.25875 0.681875 0.12083333333333333 0.075
0 0.21 0.563125 0.10416666666666667 0.08125
0 0.2658333333333333 0.465625 0.06333333333333334 0.04625
0 0.1425 0.465 0.043333333333333335 0.033125
0 0.28458333333333335 0.379375 0.04 0.04375
0 0.29041666666666666 0.3275 0.04 0.035
0 0.3904166666666667 0.305 0.04625 0.03625
0 0.35333333333333333 0.36875 0.028333333333333332 0.026875
0 0.47791666666666666 0.35625 0.08083333333333333 0.0425
0 0.5941666666666666 0.33875 0.07083333333333333 0.033125
0 0.6475 0.225625 0.041666666666666664 0.04
0 0.7920833333333334 0.275 0.024166666666666666 0.033125
0 0.8716666666666667 0.18125 0.05 0.055625
0 0.7991666666666667 0.664375 0.13291666666666666 0.1125
0 0.46416666666666667 0.700625 0.17833333333333334 0.06125
0 0.0375 0.654375 0.07458333333333333 0.061875
0 0.6275 0.65375 0.11625 0.085