0 0.36083333333333334 0.45125 0.0975 0.0325
0 0.3333333333333333 0.5725 0.11333333333333333 0.06
0 0.2425 0.69 0.1425 0.05625
0 0.095 0.6625 0.13333333333333333 0.054375
0 0.51625 0.70625 0.135 0.06375
0 0.6383333333333333 0.48125 0.08125 0.08125
0 0.85375 0.643125 0.11125 0.14625
0 0.6770833333333334 0.29875 0.04791666666666667 0.0325
0 0.73375 0.370625 0.08291666666666667 0.045625
0 0.4579166666666667 0.393125 0.1075 0.02875
0 0.3254166666666667 0.404375 0.07041666666666667 0.026875
0 0.8508333333333333 0.25125 0.04666666666666667 0.038125
0 0.75625 0.21625 0.07708333333333334 0.030625
0 0.6058333333333333 0.245 0.04958333333333333 0.01375
0 0.5079166666666667 0.321875 0.06583333333333333 0.025
0 0.14125 0.475625 0.09083333333333334 0.04
0 0.25875 0.453125 0.0825 0.03625