0 0.5908333333333333 0.36625 0.07833333333333334 0.069375
0 0.825 0.346875 0.10625 0.0525
0 0.855 0.25125 0.04625 0.038125
0 0.6008333333333333 0.3 0.050416666666666665 0.024375
0 0.485 0.236875 0.04375 0.041875
0 0.3745833333333333 0.305 0.043333333333333335 0.025
0 0.34458333333333335 0.335 0.0275 0.020625
0 0.3175 0.398125 0.0475 0.040625
0 0.38708333333333333 0.468125 0.13666666666666666 0.065625
0 0.44166666666666665 0.39625 0.08541666666666667 0.03125
0 0.23625 0.511875 0.09208333333333334 0.033125
0 0.11666666666666667 0.564375 0.11166666666666666 0.054375
0 0.14708333333333334 0.500625 0.04625 0.06
0 0.0525 0.495 0.06 0.058125
0 0.14166666666666666 0.4225 0.034166666666666665 0.03125
0 0.09083333333333334 0.415 0.037083333333333336 0.04625
0 0.11166666666666666 0.359375 0.03125 0.035