0 0.30541666666666667 0.57875 0.07875 0.085
0 0.16833333333333333 0.5725 0.13916666666666666 0.065625
0 0.0475 0.568125 0.0875 0.045625
0 0.06666666666666667 0.511875 0.0575 0.049375
0 0.06458333333333334 0.423125 0.041666666666666664 0.048125
0 0.08583333333333333 0.37375 0.032916666666666664 0.02125
0 0.16 0.425625 0.06 0.0275
0 0.22208333333333333 0.3225 0.014166666666666666 0.026875
0 0.26708333333333334 0.3525 0.043333333333333335 0.023125
0 0.3258333333333333 0.2575 0.022916666666666665 0.04625
0 0.46 0.325 0.032916666666666664 0.025625
0 0.5670833333333334 0.300625 0.0525 0.040625
0 0.7504166666666666 0.2725 0.029166666666666667 0.055625