0 0.43625 0.4925 0.0975 0.06125
0 0.80375 0.461875 0.1225 0.0925
0 0.6004166666666667 0.5 0.14166666666666666 0.063125
0 0.46208333333333335 0.71875 0.19875 0.061875
0 0.285 0.719375 0.08291666666666667 0.041875
0 0.06833333333333333 0.666875 0.12291666666666666 0.065625
0 0.17041666666666666 0.501875 0.07833333333333334 0.048125
0 0.27666666666666667 0.50625 0.08583333333333333 0.04625
0 0.05333333333333334 0.500625 0.07583333333333334 0.048125
0 0.017083333333333332 0.4025 0.03333333333333333 0.054375
0 0.135 0.411875 0.041666666666666664 0.0475
0 0.24 0.410625 0.0625 0.0325
0 0.3516666666666667 0.395 0.09083333333333334 0.050625