0 0.33958333333333335 0.478125 0.1 0.0675
0 0.41208333333333336 0.39375 0.08083333333333333 0.0475
0 0.5579166666666666 0.38625 0.09583333333333334 0.024375
0 0.76375 0.344375 0.0725 0.06125
0 0.17541666666666667 0.570625 0.12708333333333333 0.0425
0 0.059166666666666666 0.57375 0.095 0.0475
0 0.18625 0.416875 0.04958333333333333 0.033125
0 0.105 0.5075 0.09083333333333334 0.044375
0 0.19 0.5125 0.05583333333333333 0.04
0 0.28375 0.3175 0.020833333333333332 0.029375
0 0.5570833333333334 0.30375 0.050416666666666665 0.033125
0 0.6266666666666667 0.27 0.050416666666666665 0.026875
0 0.7933333333333333 0.26875 0.10833333333333334 0.023125