0 0.7929166666666667 0.706875 0.22416666666666665 0.084375
0 0.1825 0.576875 0.12458333333333334 0.051875
0 0.06583333333333333 0.54375 0.0825 0.07125
0 0.057916666666666665 0.459375 0.06333333333333334 0.03125
0 0.16916666666666666 0.461875 0.08375 0.036875
0 0.17333333333333334 0.38125 0.04541666666666667 0.040625
0 0.245 0.383125 0.051666666666666666 0.03625
0 0.25 0.325 0.03666666666666667 0.0275
0 0.3383333333333333 0.3725 0.04083333333333333 0.024375
0 0.5920833333333333 0.260625 0.035833333333333335 0.049375
0 0.31958333333333333 0.59125 0.10083333333333333 0.04