0 0.29 0.699375 0.09166666666666666 0.073125
0 0.5629166666666666 0.700625 0.13083333333333333 0.095625
0 0.5329166666666667 0.60875 0.11458333333333333 0.058125
0 0.8516666666666667 0.33125 0.06583333333333333 0.05625
0 0.88 0.258125 0.04958333333333333 0.034375
0 0.8254166666666667 0.2025 0.045 0.03125
0 0.4891666666666667 0.25875 0.029583333333333333 0.030625
0 0.5033333333333333 0.28875 0.034166666666666665 0.020625
0 0.4979166666666667 0.34625 0.055 0.036875
0 0.405 0.365 0.06041666666666667 0.036875
0 0.18583333333333332 0.366875 0.034166666666666665 0.040625
0 0.1475 0.3425 0.043333333333333335 0.025625
0 0.2629166666666667 0.325625 0.042083333333333334 0.023125
0 0.4583333333333333 0.255625 0.03 0.0225