0 0.7545833333333334 0.729375 0.17916666666666667 0.1
0 0.20458333333333334 0.56875 0.12708333333333333 0.06875
0 0.09666666666666666 0.563125 0.0775 0.049375
0 0.12833333333333333 0.379375 0.025 0.03875
0 0.25583333333333336 0.345625 0.043333333333333335 0.020625
0 0.34958333333333336 0.3325 0.0325 0.035
0 0.3983333333333333 0.3075 0.042083333333333334 0.0225
0 0.5508333333333333 0.24375 0.028333333333333332 0.048125
0 0.37958333333333333 0.26375 0.041666666666666664 0.03125
0 0.0725 0.443125 0.06458333333333334 0.075
0 0.34708333333333335 0.6 0.11125 0.036875
0 0.6333333333333333 0.65125 0.15875 0.049375