0 0.345 0.50875 0.14541666666666667 0.02875
0 0.31083333333333335 0.451875 0.09916666666666667 0.0425
0 0.47291666666666665 0.438125 0.0925 0.044375
0 0.59125 0.49375 0.11625 0.07125
0 0.8708333333333333 0.461875 0.1075 0.070625
0 0.71875 0.703125 0.18666666666666668 0.07875
0 0.84625 0.3325 0.08166666666666667 0.051875
0 0.6775 0.3775 0.09541666666666666 0.041875
0 0.6295833333333334 0.288125 0.055 0.0325
0 0.7654166666666666 0.278125 0.08583333333333333 0.02125
0 0.68 0.259375 0.07 0.03875
0 0.49041666666666667 0.324375 0.08083333333333333 0.03625
0 0.5033333333333333 0.3975 0.0675 0.036875
0 0.51 0.261875 0.06666666666666667 0.016875
0 0.09708333333333333 0.4125 0.06208333333333333 0.0525
0 0.14208333333333334 0.67875 0.14666666666666667 0.051875
0 0.02125 0.655625 0.034166666666666665 0.051875