0 0.29541666666666666 0.710625 0.14083333333333334 0.09625
0 0.12625 0.70625 0.0775 0.07125
0 0.14333333333333334 0.504375 0.09 0.076875
0 0.19916666666666666 0.39875 0.05625 0.02125
0 0.29875 0.385 0.07541666666666667 0.02125
0 0.2629166666666667 0.358125 0.042083333333333334 0.025625
0 0.24125 0.295625 0.025833333333333333 0.026875
0 0.35375 0.345625 0.03833333333333333 0.011875
0 0.40875 0.36875 0.07666666666666666 0.0325
0 0.44625 0.333125 0.04 0.030625
0 0.5216666666666666 0.354375 0.06458333333333334 0.045625
0 0.5116666666666667 0.403125 0.07333333333333333 0.023125
0 0.7279166666666667 0.286875 0.06916666666666667 0.038125
0 0.85 0.254375 0.0425 0.0425
0 0.7033333333333334 0.225625 0.057916666666666665 0.02875