0 0.5079166666666667 0.713125 0.22625 0.10375
0 0.24916666666666668 0.710625 0.14666666666666667 0.08625
0 0.24291666666666667 0.508125 0.10791666666666666 0.05625
0 0.10166666666666667 0.498125 0.042083333333333334 0.090625
0 0.04041666666666666 0.409375 0.03791666666666667 0.0575
0 0.14541666666666667 0.401875 0.05416666666666667 0.0225
0 0.22208333333333333 0.391875 0.050416666666666665 0.033125
0 0.22166666666666668 0.360625 0.05375 0.030625
0 0.3308333333333333 0.34 0.05333333333333334 0.035
0 0.4245833333333333 0.3675 0.05375 0.035
0 0.4345833333333333 0.328125 0.023333333333333334 0.03625
0 0.49 0.373125 0.058333333333333334 0.05375
0 0.6191666666666666 0.3325 0.05583333333333333 0.06125
0 0.65875 0.29375 0.041666666666666664 0.038125
0 0.8441666666666666 0.260625 0.04625 0.041875
0 0.57875 0.2425 0.05583333333333333 0.029375
0 0.41833333333333333 0.271875 0.05333333333333334 0.0175
0 0.2629166666666667 0.2975 0.03666666666666667 0.02125
0 0.17416666666666666 0.303125 0.049166666666666664 0.034375