0 0.14333333333333334 0.4975 0.06041666666666667 0.075625
0 0.04 0.52375 0.05333333333333334 0.03625
0 0.14833333333333334 0.39625 0.043333333333333335 0.024375
0 0.22875 0.388125 0.04125 0.036875
0 0.39375 0.385 0.0675 0.035
0 0.49541666666666667 0.349375 0.05333333333333334 0.05625
0 0.41583333333333333 0.340625 0.04125 0.020625
0 0.4025 0.271875 0.060833333333333336 0.01375
0 0.49541666666666667 0.258125 0.06708333333333333 0.026875
0 0.6879166666666666 0.265625 0.055 0.0275
0 0.8516666666666667 0.33375 0.07125 0.075
0 0.07666666666666666 0.72 0.1225 0.06
0 0.8525 0.25625 0.07625 0.04625