0 0.8329166666666666 0.475 0.11166666666666666 0.08875
0 0.8845833333333334 0.30375 0.030833333333333334 0.055625
0 0.8079166666666666 0.26875 0.04833333333333333 0.051875
0 0.6758333333333333 0.29625 0.04083333333333333 0.033125
0 0.62125 0.255625 0.07125 0.0225
0 0.5429166666666667 0.486875 0.08083333333333333 0.113125
0 0.5383333333333333 0.739375 0.16875 0.07875
0 0.2608333333333333 0.7175 0.135 0.065
0 0.2808333333333333 0.585 0.14625 0.0575
0 0.22791666666666666 0.52 0.09541666666666666 0.0525
0 0.31416666666666665 0.4725 0.07666666666666666 0.04375
0 0.3283333333333333 0.3525 0.035 0.025625
0 0.3879166666666667 0.31875 0.04083333333333333 0.024375
0 0.4658333333333333 0.30625 0.0475 0.023125
0 0.06708333333333333 0.585 0.08791666666666667 0.0425