0 0.3329166666666667 0.5725 0.1425 0.069375
0 0.18291666666666667 0.57125 0.13166666666666665 0.048125
0 0.04958333333333333 0.563125 0.09083333333333334 0.04
0 0.07875 0.46625 0.0575 0.034375
0 0.17208333333333334 0.455625 0.057916666666666665 0.024375
0 0.27416666666666667 0.4525 0.09583333333333334 0.041875
0 0.6170833333333333 0.37125 0.075 0.044375
0 0.7554166666666666 0.33375 0.07041666666666667 0.0475
0 0.88875 0.216875 0.024583333333333332 0.05
0 0.6775 0.268125 0.04541666666666667 0.026875
0 0.4504166666666667 0.35125 0.07541666666666667 0.026875
0 0.47125 0.323125 0.043333333333333335 0.020625
0 0.41833333333333333 0.270625 0.03791666666666667 0.015625
0 0.33208333333333334 0.286875 0.051666666666666666 0.015
0 0.3375 0.366875 0.05416666666666667 0.02125
0 0.23708333333333334 0.38375 0.060833333333333336 0.025