0 0.18083333333333335 0.42 0.042083333333333334 0.05625
0 0.12 0.368125 0.024583333333333332 0.04375
0 0.08541666666666667 0.485 0.09083333333333334 0.041875
0 0.375 0.336875 0.04791666666666667 0.0325
0 0.3858333333333333 0.37625 0.06416666666666666 0.030625
0 0.3883333333333333 0.40625 0.04625 0.041875
0 0.7866666666666666 0.35875 0.0925 0.061875
0 0.5133333333333333 0.26625 0.06625 0.0325
0 0.29541666666666666 0.28625 0.03 0.036875
0 0.18208333333333335 0.365625 0.0525 0.01875
0 0.6166666666666667 0.3925 0.07708333333333334 0.056875
0 0.51125 0.38375 0.045 0.041875