0 0.7375 0.680625 0.17833333333333334 0.091875
0 0.6558333333333334 0.463125 0.1275 0.109375
0 0.7904166666666667 0.279375 0.03916666666666667 0.0225
0 0.465 0.50125 0.09916666666666667 0.069375
0 0.34375 0.588125 0.13 0.079375
0 0.43875 0.72625 0.16916666666666666 0.069375
0 0.23375 0.709375 0.15083333333333335 0.075625
0 0.060833333333333336 0.691875 0.06583333333333333 0.0525
0 0.09208333333333334 0.520625 0.10625 0.0575
0 0.09708333333333333 0.415625 0.037083333333333336 0.066875
0 0.28041666666666665 0.3275 0.029583333333333333 0.033125
0 0.24208333333333334 0.5025 0.10916666666666666 0.075625
0 0.83375 0.46375 0.06875 0.115625