0 0.245 0.57375 0.12333333333333334 0.05625
0 0.68375 0.705 0.25708333333333333 0.076875
0 0.1075 0.56375 0.10208333333333333 0.048125
0 0.08666666666666667 0.459375 0.050833333333333335 0.024375
0 0.19958333333333333 0.449375 0.0925 0.0575
0 0.47875 0.2375 0.0475 0.05625
0 0.6304166666666666 0.266875 0.03791666666666667 0.026875
0 0.6408333333333334 0.29875 0.04125 0.026875
0 0.28125 0.36875 0.0375 0.0325
0 0.1875 0.336875 0.0425 0.025
0 0.06333333333333334 0.393125 0.04583333333333333 0.02875
0 0.40041666666666664 0.608125 0.10333333333333333 0.0275