0 0.55375 0.72875 0.13916666666666666 0.116875
0 0.52875 0.49125 0.09916666666666667 0.095625
0 0.3975 0.59375 0.13375 0.0975
0 0.35 0.505625 0.06166666666666667 0.066875
0 0.24791666666666667 0.708125 0.13958333333333334 0.069375
0 0.24291666666666667 0.578125 0.0975 0.0675
0 0.17708333333333334 0.51375 0.06583333333333333 0.074375
0 0.07541666666666667 0.70625 0.06625 0.040625
0 0.02625 0.496875 0.04541666666666667 0.065625
0 0.5495833333333333 0.314375 0.041666666666666664 0.04
0 0.6866666666666666 0.26875 0.056666666666666664 0.041875
0 0.8808333333333334 0.315625 0.03166666666666667 0.0575
0 0.44916666666666666 0.3375 0.032916666666666664 0.019375
0 0.36583333333333334 0.28 0.049166666666666664 0.0525
0 0.7091666666666666 0.49625 0.10416666666666667 0.063125