0 0.5658333333333333 0.714375 0.13583333333333333 0.10375
0 0.3441666666666667 0.573125 0.14625 0.0675
0 0.29583333333333334 0.699375 0.09625 0.075625
0 0.24708333333333332 0.46125 0.10125 0.04875
0 0.16541666666666666 0.569375 0.11458333333333333 0.051875
0 0.45125 0.25625 0.05333333333333334 0.02625
0 0.09166666666666666 0.460625 0.065 0.03625
0 0.5516666666666666 0.2675 0.024583333333333332 0.045625
0 0.14541666666666667 0.390625 0.041666666666666664 0.029375
0 0.19375 0.380625 0.04708333333333333 0.036875
0 0.8591666666666666 0.68625 0.10583333333333333 0.0975