0 0.35 0.4925 0.07833333333333334 0.06875
0 0.2658333333333333 0.709375 0.10541666666666667 0.06625
0 0.51625 0.484375 0.12583333333333332 0.0725
0 0.64 0.36 0.10458333333333333 0.041875
0 0.6741666666666667 0.50125 0.08791666666666667 0.049375
0 0.17958333333333334 0.51375 0.09125 0.035
0 0.0575 0.495625 0.06041666666666667 0.048125
0 0.15083333333333335 0.4225 0.05625 0.025625
0 0.027916666666666666 0.431875 0.042083333333333334 0.026875
0 0.13458333333333333 0.68125 0.11708333333333333 0.061875
0 0.3475 0.408125 0.08791666666666667 0.03625
0 0.47458333333333336 0.39 0.09166666666666666 0.041875
0 0.46791666666666665 0.31875 0.04125 0.036875
0 0.22666666666666666 0.333125 0.03916666666666667 0.035