0 0.2925 0.689375 0.13 0.0825
0 0.495 0.5025 0.13 0.048125
0 0.6270833333333333 0.719375 0.15875 0.115625
0 0.7258333333333333 0.49375 0.15 0.06125
0 0.50375 0.385 0.075 0.051875
0 0.16333333333333333 0.421875 0.04958333333333333 0.025
0 0.17541666666666667 0.499375 0.10458333333333333 0.051875
0 0.34125 0.504375 0.13083333333333333 0.048125
0 0.0775 0.676875 0.10458333333333333 0.07
0 0.39125 0.325625 0.04541666666666667 0.04375
0 0.8545833333333334 0.65125 0.11375 0.1175
0 0.8725 0.43875 0.043333333333333335 0.10625