0 0.6041666666666666 0.726875 0.1875 0.080625
0 0.36125 0.718125 0.16541666666666666 0.09375
0 0.15 0.68125 0.1325 0.06375
0 0.017083333333333332 0.645 0.029166666666666667 0.050625
0 0.03875 0.475625 0.04416666666666667 0.054375
0 0.09916666666666667 0.504375 0.0575 0.041875
0 0.19583333333333333 0.50125 0.07166666666666667 0.050625
0 0.3433333333333333 0.4975 0.11083333333333334 0.050625
0 0.48291666666666666 0.49375 0.11583333333333333 0.059375
0 0.6754166666666667 0.458125 0.14583333333333334 0.088125
0 0.21833333333333332 0.33125 0.04625 0.0275
0 0.33166666666666667 0.265 0.035 0.044375
0 0.35833333333333334 0.3025 0.04791666666666667 0.030625
0 0.4766666666666667 0.2475 0.04125 0.03125
0 0.7475 0.205625 0.04958333333333333 0.035