0 0.7158333333333333 0.71875 0.13416666666666666 0.0825
0 0.8133333333333334 0.48 0.11666666666666667 0.080625
0 0.5758333333333333 0.4975 0.15916666666666668 0.066875
0 0.5358333333333334 0.386875 0.09166666666666666 0.044375
0 0.3958333333333333 0.6025 0.10083333333333333 0.07125
0 0.39625 0.713125 0.10208333333333333 0.100625
0 0.26958333333333334 0.5875 0.135 0.061875
0 0.3525 0.43875 0.07458333333333333 0.083125
0 0.3333333333333333 0.2975 0.05333333333333334 0.019375
0 0.18083333333333335 0.34125 0.032916666666666664 0.023125
0 0.12875 0.57125 0.11041666666666666 0.051875
0 0.17666666666666667 0.67125 0.10958333333333334 0.061875
0 0.13916666666666666 0.3725 0.035416666666666666 0.026875