0 0.7525 0.686875 0.17708333333333334 0.050625
0 0.7566666666666667 0.356875 0.0875 0.0475
0 0.4979166666666667 0.370625 0.05416666666666667 0.075
0 0.45375 0.338125 0.0375 0.05625
0 0.34958333333333336 0.351875 0.03 0.044375
0 0.395 0.459375 0.08708333333333333 0.065
0 0.3725 0.56875 0.125 0.083125
0 0.25333333333333335 0.689375 0.15416666666666667 0.0675
0 0.08125 0.66125 0.10208333333333333 0.051875
0 0.04 0.474375 0.05 0.050625
0 0.1475 0.466875 0.050416666666666665 0.036875
0 0.25 0.4625 0.07083333333333333 0.041875
0 0.26875 0.3725 0.050833333333333335 0.038125
0 0.47041666666666665 0.295 0.055 0.038125
0 0.5929166666666666 0.256875 0.043333333333333335 0.04
0 0.48541666666666666 0.71375 0.15125 0.0725
0 0.5379166666666667 0.613125 0.09291666666666666 0.06