0 0.64125 0.466875 0.11333333333333333 0.076875
0 0.6716666666666666 0.361875 0.08583333333333333 0.0675
0 0.6879166666666666 0.289375 0.07916666666666666 0.04
0 0.87125 0.256875 0.06041666666666667 0.026875
0 0.7491666666666666 0.19875 0.0325 0.050625
0 0.8504166666666667 0.32125 0.06458333333333334 0.0775
0 0.8908333333333334 0.451875 0.04416666666666667 0.066875
0 0.445 0.488125 0.10375 0.090625
0 0.3770833333333333 0.7175 0.14083333333333334 0.065625
0 0.23833333333333334 0.4975 0.09583333333333334 0.0675
0 0.2675 0.40625 0.06625 0.035
0 0.38375 0.39625 0.050416666666666665 0.048125
0 0.4791666666666667 0.351875 0.10208333333333333 0.035
0 0.51375 0.393125 0.07125 0.03625
0 0.44958333333333333 0.270625 0.03916666666666667 0.019375
0 0.5029166666666667 0.29 0.04541666666666667 0.0275
0 0.21 0.716875 0.08333333333333333 0.041875
0 0.020416666666666666 0.66 0.04083333333333333 0.05375