0 0.5708333333333333 0.68625 0.14083333333333334 0.0575
0 0.38416666666666666 0.584375 0.1425 0.051875
0 0.22083333333333333 0.57375 0.1125 0.0525
0 0.08583333333333333 0.565 0.10166666666666667 0.041875
0 0.09875 0.47 0.0525 0.030625
0 0.19916666666666666 0.458125 0.07958333333333334 0.034375
0 0.30666666666666664 0.458125 0.08125 0.03625
0 0.83625 0.338125 0.08083333333333333 0.04375
0 0.7808333333333334 0.273125 0.06208333333333333 0.029375
0 0.6329166666666667 0.288125 0.03958333333333333 0.045625
0 0.5875 0.276875 0.03666666666666667 0.0275
0 0.4766666666666667 0.35625 0.06875 0.026875
0 0.3616666666666667 0.384375 0.034166666666666665 0.0575
0 0.26666666666666666 0.378125 0.07416666666666667 0.02875
0 0.385 0.274375 0.04375 0.034375
0 0.305 0.29125 0.05625 0.015625