0 0.74125 0.474375 0.14833333333333334 0.084375
0 0.5308333333333334 0.49375 0.10791666666666666 0.066875
0 0.34708333333333335 0.505 0.12125 0.049375
0 0.16208333333333333 0.485625 0.0725 0.0825
0 0.4554166666666667 0.3975 0.065 0.029375
0 0.5370833333333334 0.38125 0.059166666666666666 0.051875
0 0.6741666666666667 0.3575 0.08125 0.06875
0 0.7366666666666667 0.28125 0.05583333333333333 0.026875
0 0.6608333333333334 0.266875 0.05375 0.036875
0 0.4741666666666667 0.29375 0.06208333333333333 0.025625
0 0.37125 0.329375 0.050833333333333335 0.026875
0 0.3516666666666667 0.30625 0.04375 0.019375
0 0.27875 0.31875 0.03666666666666667 0.024375