0 0.5145833333333333 0.599375 0.12291666666666666 0.09
0 0.57375 0.69125 0.15458333333333332 0.071875
0 0.40375 0.480625 0.12458333333333334 0.04375
0 0.5766666666666667 0.371875 0.08333333333333333 0.056875
0 0.7204166666666667 0.46625 0.09833333333333333 0.069375
0 0.69 0.39875 0.095 0.0475
0 0.7179166666666666 0.311875 0.07291666666666667 0.03125
0 0.89 0.266875 0.0525 0.03
0 0.8991666666666667 0.201875 0.014166666666666666 0.06375
0 0.8379166666666666 0.411875 0.05458333333333333 0.036875
0 0.9145833333333333 0.4975 0.05458333333333333 0.039375
0 0.5691666666666667 0.246875 0.056666666666666664 0.029375