0 0.32083333333333336 0.523125 0.050416666666666665 0.075625
0 0.4945833333333333 0.594375 0.15333333333333332 0.12375
0 0.74375 0.46625 0.12041666666666667 0.06875
0 0.7941666666666667 0.348125 0.075 0.07
0 0.8370833333333333 0.170625 0.025833333333333333 0.034375
0 0.52875 0.304375 0.06666666666666667 0.03875
0 0.6233333333333333 0.284375 0.06125 0.0275
0 0.6225 0.23375 0.04958333333333333 0.035
0 0.3829166666666667 0.37 0.07541666666666667 0.0475
0 0.37583333333333335 0.30875 0.07041666666666667 0.03625
0 0.43083333333333335 0.71 0.12666666666666668 0.073125
0 0.98625 0.335 0.0275 0.04125
0 0.6608333333333334 0.343125 0.09416666666666666 0.0475
0 0.7383333333333333 0.2675 0.05333333333333334 0.031875