0 0.6570833333333334 0.5025 0.11291666666666667 0.11875
0 0.8358333333333333 0.400625 0.059583333333333335 0.053125
0 0.7183333333333334 0.383125 0.07583333333333334 0.05375
0 0.74125 0.31 0.06 0.03625
0 0.7433333333333333 0.224375 0.0275 0.038125
0 0.7804166666666666 0.251875 0.059583333333333335 0.03
0 0.84625 0.320625 0.06875 0.086875
0 0.8454166666666667 0.23125 0.051666666666666666 0.033125
0 0.7633333333333333 0.165625 0.022916666666666665 0.02125
0 0.5279166666666667 0.313125 0.042916666666666665 0.048125
0 0.6445833333333333 0.219375 0.04083333333333333 0.031875
0 0.6404166666666666 0.295 0.04 0.05375
0 0.6029166666666667 0.26875 0.0625 0.038125
0 0.53125 0.390625 0.1225 0.06
0 0.4395833333333333 0.35 0.06416666666666666 0.05125