0 0.37833333333333335 0.4875 0.09958333333333333 0.079375
0 0.5620833333333334 0.395625 0.09375 0.06375
0 0.6920833333333334 0.32375 0.06625 0.035
0 0.6595833333333333 0.269375 0.05375 0.028125
0 0.5704166666666667 0.28875 0.056666666666666664 0.033125
0 0.39166666666666666 0.37125 0.09708333333333333 0.04875
0 0.31125 0.338125 0.042083333333333334 0.03875
0 0.5191666666666667 0.26625 0.03166666666666667 0.0225
0 0.8379166666666666 0.391875 0.07041666666666667 0.0575
0 0.8616666666666667 0.27125 0.07125 0.036875
0 0.8079166666666666 0.18 0.035 0.0275
0 0.72375 0.196875 0.042083333333333334 0.03625
0 0.745 0.25875 0.06208333333333333 0.036875
0 0.8845833333333334 0.1275 0.02875 0.021875