0 0.38416666666666666 0.49375 0.10708333333333334 0.074375
0 0.5575 0.393125 0.08333333333333333 0.058125
0 0.45875 0.3375 0.07125 0.044375
0 0.57375 0.279375 0.08708333333333333 0.0275
0 0.7366666666666667 0.315625 0.07583333333333334 0.06
0 0.8129166666666666 0.40375 0.06291666666666666 0.04
0 0.9241666666666667 0.258125 0.05458333333333333 0.02875
0 0.8316666666666667 0.27875 0.07833333333333334 0.021875
0 0.79625 0.208125 0.041666666666666664 0.026875
0 0.8529166666666667 0.2025 0.03666666666666667 0.019375
0 0.82625 0.140625 0.024166666666666666 0.01875
0 0.6179166666666667 0.2175 0.06625 0.036875
0 0.4525 0.286875 0.05333333333333334 0.04375
0 0.32166666666666666 0.405625 0.0425 0.066875