0 0.4225 0.65375 0.15625 0.113125
0 0.6266666666666667 0.518125 0.15333333333333332 0.0625
0 0.6020833333333333 0.369375 0.09916666666666667 0.04
0 0.77125 0.316875 0.07041666666666667 0.04625
0 0.84625 0.3875 0.07958333333333334 0.0625
0 0.8633333333333333 0.281875 0.06833333333333333 0.04
0 0.9791666666666666 0.341875 0.041666666666666664 0.023125
0 0.9233333333333333 0.216875 0.025833333333333333 0.029375
0 0.8579166666666667 0.216875 0.03666666666666667 0.024375
0 0.5845833333333333 0.250625 0.03916666666666667 0.023125
0 0.5433333333333333 0.22875 0.065 0.01625
0 0.37083333333333335 0.310625 0.06333333333333334 0.026875