0 0.44666666666666666 0.62625 0.14375 0.1025
0 0.75625 0.46125 0.1325 0.075625
0 0.8179166666666666 0.17 0.027916666666666666 0.035
0 0.8058333333333333 0.349375 0.07 0.053125
0 0.41583333333333333 0.47375 0.10875 0.053125
0 0.5845833333333333 0.371875 0.10375 0.04375
0 0.79125 0.291875 0.06125 0.045625
0 0.9783333333333334 0.198125 0.03916666666666667 0.035625
0 0.5254166666666666 0.705 0.13958333333333334 0.08
0 0.8058333333333333 0.559375 0.06875 0.06625
0 0.9808333333333333 0.45125 0.03833333333333333 0.041875
0 0.45875 0.285625 0.0375 0.04
0 0.39 0.295625 0.03208333333333333 0.029375