0 0.4475 0.4625 0.12875 0.074375
0 0.37958333333333333 0.384375 0.09625 0.075625
0 0.3425 0.32375 0.051666666666666666 0.036875
0 0.6016666666666667 0.36875 0.11833333333333333 0.063125
0 0.745 0.314375 0.08083333333333333 0.04375
0 0.945 0.173125 0.024583333333333332 0.031875
0 0.7733333333333333 0.145 0.025416666666666667 0.031875
0 0.6816666666666666 0.24875 0.065 0.036875
0 0.6333333333333333 0.225625 0.055 0.045625
0 0.535 0.2575 0.05708333333333333 0.0525
0 0.5045833333333334 0.306875 0.05583333333333333 0.045