0 0.45666666666666667 0.61375 0.14666666666666667 0.1275
0 0.4245833333333333 0.714375 0.1075 0.07375
0 0.405 0.463125 0.09458333333333334 0.048125
0 0.36333333333333334 0.375 0.05541666666666667 0.04
0 0.345 0.3125 0.04083333333333333 0.03
0 0.49625 0.316875 0.04666666666666667 0.036875
0 0.4741666666666667 0.255 0.04583333333333333 0.03625
0 0.6145833333333334 0.2775 0.07041666666666667 0.034375
0 0.64875 0.343125 0.11833333333333333 0.05375
0 0.7116666666666667 0.468125 0.12083333333333333 0.050625
0 0.8104166666666667 0.33125 0.05875 0.0625
0 0.8604166666666667 0.3825 0.02875 0.05375
0 0.8508333333333333 0.165 0.02666666666666667 0.03875