0 0.5620833333333334 0.55625 0.14208333333333334 0.105
0 0.36375 0.49625 0.07583333333333334 0.103125
0 0.36541666666666667 0.4125 0.05625 0.04875
0 0.46958333333333335 0.32375 0.060833333333333336 0.045625
0 0.6029166666666667 0.24125 0.034166666666666665 0.02375
0 0.5791666666666667 0.195 0.028333333333333332 0.03875
0 0.4270833333333333 0.234375 0.04958333333333333 0.036875
0 0.7216666666666667 0.26625 0.055 0.050625
0 0.7608333333333334 0.3425 0.07583333333333334 0.065
0 0.7508333333333334 0.44125 0.09041666666666667 0.064375
0 0.7433333333333333 0.585 0.13 0.103125
0 0.9020833333333333 0.301875 0.04041666666666666 0.054375
0 0.8270833333333333 0.230625 0.034166666666666665 0.063125
0 0.8816666666666667 0.2225 0.03666666666666667 0.035
0 0.8591666666666666 0.170625 0.0275 0.030625
0 0.35791666666666666 0.76 0.11875 0.075625