0 0.4995833333333333 0.593125 0.16375 0.115
0 0.7279166666666667 0.46 0.13875 0.056875
0 0.47833333333333333 0.4325 0.1175 0.05625
0 0.5216666666666666 0.28375 0.032916666666666664 0.06875
0 0.3670833333333333 0.37875 0.08291666666666667 0.0425
0 0.3070833333333333 0.335625 0.024166666666666666 0.05125
0 0.7883333333333333 0.185 0.035 0.02875
0 0.7075 0.278125 0.06208333333333333 0.041875
0 0.8591666666666666 0.31125 0.05375 0.06375
0 0.9266666666666666 0.295 0.04625 0.030625
0 0.8908333333333334 0.2275 0.03958333333333333 0.02875
0 0.38083333333333336 0.715 0.16416666666666666 0.075625