0 0.5158333333333334 0.565 0.13083333333333333 0.0825
0 0.68 0.59875 0.14708333333333334 0.06125
0 0.3329166666666667 0.52 0.04875 0.070625
0 0.4816666666666667 0.415 0.08333333333333333 0.054375
0 0.5295833333333333 0.473125 0.09208333333333334 0.04625
0 0.6508333333333334 0.33 0.06833333333333333 0.025625
0 0.7383333333333333 0.356875 0.07958333333333334 0.051875
0 0.7475 0.450625 0.09333333333333334 0.056875
0 0.77 0.29625 0.0675 0.035
0 0.65 0.271875 0.10458333333333333 0.020625
0 0.37583333333333335 0.735625 0.10083333333333333 0.045
0 0.8254166666666667 0.20875 0.04833333333333333 0.02875
0 0.8945833333333333 0.186875 0.04041666666666666 0.021875
0 0.9558333333333333 0.18 0.03375 0.02625