0 0.36875 0.495625 0.09541666666666666 0.090625
0 0.3854166666666667 0.369375 0.09833333333333333 0.050625
0 0.5204166666666666 0.2675 0.060833333333333336 0.041875
0 0.5625 0.29125 0.0625 0.041875
0 0.6425 0.268125 0.0675 0.030625
0 0.6766666666666666 0.32875 0.08625 0.053125
0 0.5429166666666667 0.413125 0.08916666666666667 0.06375
0 0.8329166666666666 0.385 0.07291666666666667 0.04625
0 0.6479166666666667 0.223125 0.050416666666666665 0.02625
0 0.7670833333333333 0.255625 0.03166666666666667 0.04
0 0.72875 0.1975 0.042083333333333334 0.0275