0 0.7545833333333334 0.454375 0.12125 0.0725
0 0.53125 0.4375 0.11791666666666667 0.05625
0 0.5254166666666666 0.574375 0.15083333333333335 0.08375
0 0.49375 0.70625 0.14041666666666666 0.049375
0 0.8925 0.269375 0.051666666666666666 0.04125
0 0.6766666666666666 0.3425 0.08708333333333333 0.038125
0 0.52125 0.245625 0.05416666666666667 0.02375
0 0.7758333333333334 0.54875 0.09041666666666667 0.06
0 0.7916666666666666 0.3025 0.07125 0.0525
0 0.9804166666666667 0.3375 0.030416666666666668 0.045
0 0.9508333333333333 0.25125 0.04791666666666667 0.04