0 0.5541666666666667 0.41875 0.12041666666666667 0.039375
0 0.75 0.44 0.10041666666666667 0.055625
0 0.8633333333333333 0.391875 0.029166666666666667 0.0475
0 0.69375 0.330625 0.07375 0.039375
0 0.8141666666666667 0.291875 0.0675 0.0325
0 0.90625 0.268125 0.042916666666666665 0.029375
0 0.9466666666666667 0.2375 0.0325 0.03375
0 0.9541666666666667 0.209375 0.027916666666666666 0.03
0 0.8891666666666667 0.1975 0.041666666666666664 0.036875
0 0.9345833333333333 0.180625 0.030416666666666668 0.023125
0 0.9758333333333333 0.3225 0.019583333333333335 0.059375