0 0.38708333333333333 0.705 0.11916666666666667 0.0975
0 0.62 0.505625 0.15166666666666667 0.08125
0 0.6604166666666667 0.644375 0.14125 0.086875
0 0.7829166666666667 0.44375 0.07833333333333334 0.0925
0 0.9608333333333333 0.28375 0.04791666666666667 0.0475
0 0.925 0.205625 0.04583333333333333 0.045
0 0.8783333333333333 0.224375 0.0375 0.038125
0 0.6679166666666667 0.2975 0.057916666666666665 0.03
0 0.5804166666666667 0.251875 0.03333333333333333 0.0375
0 0.6729166666666667 0.208125 0.0275 0.038125
0 0.8758333333333334 0.15125 0.027083333333333334 0.021875