0 0.3620833333333333 0.5 0.08 0.083125
0 0.4191666666666667 0.36 0.051666666666666666 0.044375
0 0.51875 0.415 0.10125 0.055625
0 0.6733333333333333 0.245625 0.06208333333333333 0.020625
0 0.605 0.219375 0.06333333333333334 0.038125
0 0.4825 0.27375 0.0325 0.038125
0 0.7991666666666667 0.288125 0.06458333333333334 0.04
0 0.8429166666666666 0.215 0.04583333333333333 0.02375
0 0.92 0.255 0.06416666666666666 0.04125
0 0.7833333333333333 0.425625 0.09 0.055625
0 0.8445833333333334 0.136875 0.0275 0.015625