0 0.4845833333333333 0.60375 0.1775 0.1625
0 0.5304166666666666 0.7 0.19625 0.0975
0 0.7004166666666667 0.470625 0.14833333333333334 0.074375
0 0.76 0.611875 0.12166666666666667 0.100625
0 0.5483333333333333 0.333125 0.055 0.059375
0 0.37875 0.385 0.059583333333333335 0.050625
0 0.4295833333333333 0.290625 0.044583333333333336 0.0325
0 0.56 0.22625 0.03666666666666667 0.0275
0 0.6958333333333333 0.161875 0.029583333333333333 0.026875
0 0.8545833333333334 0.18 0.029583333333333333 0.033125
0 0.9045833333333333 0.219375 0.035833333333333335 0.019375
0 0.93875 0.30125 0.04708333333333333 0.049375