0 0.5341666666666667 0.574375 0.14916666666666667 0.0975
0 0.76375 0.368125 0.07875 0.05
0 0.79875 0.440625 0.10583333333333333 0.06125
0 0.3308333333333333 0.3275 0.04125 0.039375
0 0.4375 0.279375 0.06 0.033125
0 0.49666666666666665 0.426875 0.10458333333333333 0.05125
0 0.645 0.23 0.04791666666666667 0.03125
0 0.62375 0.353125 0.07708333333333334 0.026875
0 0.35375 0.728125 0.13125 0.065
0 0.7454166666666666 0.595 0.11375 0.088125
0 0.86 0.289375 0.0875 0.050625
0 0.34375 0.540625 0.08666666666666667 0.045