0 0.43125 0.650625 0.155 0.125625
0 0.6579166666666667 0.504375 0.12375 0.098125
0 0.8045833333333333 0.34375 0.07583333333333334 0.05875
0 0.84375 0.404375 0.05458333333333333 0.028125
0 0.39125 0.4825 0.08791666666666667 0.0725
0 0.5775 0.376875 0.0975 0.054375
0 0.64 0.410625 0.07041666666666667 0.07125
0 0.4920833333333333 0.321875 0.06583333333333333 0.045625
0 0.60625 0.270625 0.0575 0.038125
0 0.89 0.201875 0.03666666666666667 0.03625
0 0.7883333333333333 0.1625 0.0575 0.03125
0 0.3408333333333333 0.405625 0.0625 0.0625