0 0.44416666666666665 0.455625 0.08375 0.060625
0 0.395 0.378125 0.052083333333333336 0.07
0 0.5841666666666666 0.28125 0.07 0.04625
0 0.6229166666666667 0.368125 0.09041666666666667 0.06
0 0.7741666666666667 0.31 0.06416666666666666 0.038125
0 0.7779166666666667 0.24 0.045 0.035
0 0.7929166666666667 0.19 0.025833333333333333 0.033125
0 0.9616666666666667 0.2425 0.05333333333333334 0.04125
0 0.9804166666666667 0.326875 0.03875 0.035
0 0.5054166666666666 0.266875 0.04125 0.040625
0 0.6233333333333333 0.236875 0.041666666666666664 0.025625
0 0.71 0.243125 0.06125 0.033125