0 0.49666666666666665 0.6125 0.16375 0.111875
0 0.6866666666666666 0.493125 0.14708333333333334 0.08125
0 0.43 0.353125 0.052083333333333336 0.04625
0 0.57375 0.244375 0.05875 0.04375
0 0.7066666666666667 0.275 0.052083333333333336 0.045
0 0.8058333333333333 0.2475 0.04666666666666667 0.03625
0 0.89 0.309375 0.04791666666666667 0.06375
0 0.7858333333333334 0.185 0.019583333333333335 0.029375
0 0.7204166666666667 0.201875 0.03125 0.0225
0 0.4295833333333333 0.22875 0.035 0.02375
0 0.3779166666666667 0.721875 0.14375 0.07
0 0.72375 0.59375 0.12333333333333334 0.083125