0 0.41625 0.47125 0.13083333333333333 0.079375
0 0.4716666666666667 0.32875 0.08041666666666666 0.049375
0 0.59625 0.380625 0.09666666666666666 0.054375
0 0.8241666666666667 0.3975 0.06708333333333333 0.0675
0 0.8425 0.28 0.052083333333333336 0.031875
0 0.945 0.254375 0.065 0.0275
0 0.3441666666666667 0.40375 0.06666666666666667 0.0475
0 0.3958333333333333 0.295 0.04416666666666667 0.026875
0 0.5070833333333333 0.250625 0.045 0.0225
0 0.6016666666666667 0.27625 0.05583333333333333 0.043125
0 0.7116666666666667 0.234375 0.04625 0.035
0 0.7408333333333333 0.324375 0.0475 0.038125
0 0.8016666666666666 0.21625 0.030833333333333334 0.0175
0 0.86375 0.199375 0.030833333333333334 0.016875
0 0.6433333333333333 0.20625 0.05583333333333333 0.0275