0 0.81875 0.414375 0.09041666666666667 0.0625
0 0.8220833333333334 0.32875 0.07541666666666667 0.04625
0 0.7029166666666666 0.328125 0.07958333333333334 0.043125
0 0.6658333333333334 0.405 0.09291666666666666 0.039375
0 0.5641666666666667 0.376875 0.09583333333333334 0.035625
0 0.38708333333333333 0.483125 0.06708333333333333 0.056875
0 0.37416666666666665 0.69875 0.08708333333333333 0.10875
0 0.625 0.655625 0.18166666666666667 0.075
0 0.6091666666666666 0.51875 0.15708333333333332 0.065625
0 0.85625 0.2075 0.04541666666666667 0.035625
0 0.68375 0.25 0.06208333333333333 0.0325