0 0.575 0.541875 0.17333333333333334 0.088125
0 0.36291666666666667 0.695 0.07458333333333333 0.105625
0 0.5691666666666667 0.4 0.18291666666666667 0.070625
0 0.7441666666666666 0.320625 0.11208333333333333 0.039375
0 0.815 0.41625 0.11208333333333333 0.061875
0 0.8525 0.288125 0.04625 0.036875
0 0.95125 0.3675 0.06333333333333334 0.035625
0 0.9308333333333333 0.2175 0.041666666666666664 0.023125
0 0.9775 0.22875 0.03208333333333333 0.01625
0 0.49833333333333335 0.27125 0.0475 0.0175
0 0.6133333333333333 0.23375 0.057916666666666665 0.0325