0 0.48041666666666666 0.61875 0.145 0.109375
0 0.6941666666666667 0.466875 0.13166666666666665 0.0775
0 0.7741666666666667 0.361875 0.07041666666666667 0.05375
0 0.7958333333333333 0.295 0.055 0.0475
0 0.63 0.35 0.11166666666666666 0.0625
0 0.58 0.44375 0.08 0.06125
0 0.4404166666666667 0.451875 0.09625 0.05875
0 0.36 0.39375 0.08791666666666667 0.049375
0 0.51875 0.309375 0.06208333333333333 0.030625
0 0.4241666666666667 0.291875 0.034166666666666665 0.035
0 0.40958333333333335 0.244375 0.04 0.035
0 0.6241666666666666 0.261875 0.0525 0.026875
0 0.8458333333333333 0.2025 0.04 0.026875