0 0.50625 0.608125 0.15166666666666667 0.133125
0 0.69875 0.4875 0.11125 0.075625
0 0.8195833333333333 0.421875 0.07583333333333334 0.063125
0 0.8345833333333333 0.3225 0.059166666666666666 0.054375
0 0.915 0.295 0.050833333333333335 0.05375
0 0.8345833333333333 0.19375 0.03208333333333333 0.050625
0 0.7595833333333334 0.2525 0.043333333333333335 0.043125
0 0.62625 0.276875 0.045 0.048125
0 0.5166666666666667 0.306875 0.06541666666666666 0.043125
0 0.5508333333333333 0.255 0.037083333333333336 0.025625
0 0.5233333333333333 0.240625 0.020833333333333332 0.03125
0 0.36041666666666666 0.383125 0.04958333333333333 0.04625