0 0.37875 0.5025 0.09 0.08
0 0.35125 0.4 0.08416666666666667 0.074375
0 0.525 0.30875 0.09375 0.054375
0 0.55 0.2575 0.04791666666666667 0.038125
0 0.45875 0.219375 0.050416666666666665 0.045
0 0.5616666666666666 0.393125 0.13375 0.091875
0 0.93 0.2525 0.0575 0.025625
0 0.7904166666666667 0.29 0.06541666666666666 0.0475
0 0.7504166666666666 0.24625 0.057916666666666665 0.033125
0 0.68125 0.2525 0.0625 0.035
0 0.6520833333333333 0.2275 0.052083333333333336 0.03
0 0.73375 0.1425 0.04541666666666667 0.015