0 0.5508333333333333 0.588125 0.13833333333333334 0.088125
0 0.41333333333333333 0.73875 0.12 0.0525
0 0.7370833333333333 0.463125 0.09333333333333334 0.054375
0 0.7695833333333333 0.579375 0.08583333333333333 0.07875
0 0.51625 0.415 0.11833333333333333 0.0325
0 0.34 0.494375 0.06208333333333333 0.05875
0 0.3954166666666667 0.39625 0.09541666666666666 0.0225
0 0.51125 0.30875 0.051666666666666666 0.04875
0 0.74125 0.2275 0.04125 0.0275
0 0.6479166666666667 0.2575 0.08416666666666667 0.024375
0 0.8495833333333334 0.339375 0.06375 0.043125
0 0.8329166666666666 0.21 0.05291666666666667 0.03375