0 0.5066666666666667 0.59375 0.14958333333333335 0.1175
0 0.6829166666666666 0.493125 0.11458333333333333 0.083125
0 0.4454166666666667 0.295 0.04958333333333333 0.0375
0 0.6233333333333333 0.36625 0.10458333333333333 0.05625
0 0.9154166666666667 0.25875 0.052083333333333336 0.036875
0 0.73875 0.31625 0.07333333333333333 0.036875
0 0.9266666666666666 0.20875 0.04666666666666667 0.03375
0 0.4225 0.455 0.10833333333333334 0.065
0 0.43583333333333335 0.729375 0.15458333333333332 0.088125
0 0.7804166666666666 0.5625 0.10416666666666667 0.063125
0 0.8954166666666666 0.388125 0.07541666666666667 0.048125