0 0.5104166666666666 0.605 0.19208333333333333 0.145
0 0.4716666666666667 0.44 0.125 0.058125
0 0.3770833333333333 0.39375 0.08166666666666667 0.0575
0 0.6733333333333333 0.3925 0.08708333333333333 0.07
0 0.7504166666666666 0.45875 0.09958333333333333 0.089375
0 0.8070833333333334 0.3275 0.059166666666666666 0.08875
0 0.8579166666666667 0.3875 0.032916666666666664 0.049375
0 0.96625 0.2725 0.04958333333333333 0.051875
0 0.6554166666666666 0.254375 0.058333333333333334 0.031875
0 0.7458333333333333 0.238125 0.04 0.029375
0 0.7316666666666667 0.15375 0.030833333333333334 0.02875