0 0.5029166666666667 0.7225 0.14166666666666666 0.06875
0 0.49125 0.595 0.16 0.1
0 0.6154166666666666 0.38 0.10291666666666667 0.06
0 0.4583333333333333 0.444375 0.08416666666666667 0.063125
0 0.8504166666666667 0.400625 0.05708333333333333 0.050625
0 0.7204166666666667 0.46875 0.13708333333333333 0.080625
0 0.8758333333333334 0.215625 0.04416666666666667 0.03625
0 0.5 0.24625 0.03833333333333333 0.04375
0 0.7708333333333334 0.299375 0.0625 0.0525
0 0.9783333333333334 0.245625 0.03666666666666667 0.036875
0 0.9804166666666667 0.34625 0.03916666666666667 0.06625