0 0.5641666666666667 0.570625 0.1425 0.1025
0 0.34833333333333333 0.68125 0.0925 0.161875
0 0.635 0.6425 0.14541666666666667 0.08875
0 0.755 0.47375 0.11333333333333333 0.105
0 0.5745833333333333 0.325 0.04875 0.04875
0 0.4841666666666667 0.330625 0.06708333333333333 0.041875
0 0.6720833333333334 0.289375 0.07125 0.050625
0 0.7829166666666667 0.143125 0.03916666666666667 0.021875
0 0.7720833333333333 0.189375 0.024583333333333332 0.025625
0 0.9491666666666667 0.1575 0.024583333333333332 0.021875
0 0.9391666666666667 0.213125 0.025833333333333333 0.025625
0 0.975 0.1975 0.02666666666666667 0.025625
0 0.5058333333333334 0.2475 0.041666666666666664 0.026875