0 0.6220833333333333 0.370625 0.13875 0.04625
0 0.7679166666666667 0.304375 0.10541666666666667 0.03
0 0.8604166666666667 0.27 0.06375 0.03375
0 0.9658333333333333 0.235625 0.04541666666666667 0.025625
0 0.8920833333333333 0.185625 0.04083333333333333 0.024375
0 0.85125 0.205625 0.0425 0.021875
0 0.6333333333333333 0.2625 0.04416666666666667 0.025625
0 0.5216666666666666 0.3025 0.06833333333333333 0.02625
0 0.35208333333333336 0.394375 0.07416666666666667 0.041875
0 0.31875 0.334375 0.04083333333333333 0.035
0 0.4483333333333333 0.27375 0.08583333333333333 0.01
0 0.41583333333333333 0.3025 0.04958333333333333 0.023125
0 0.53 0.256875 0.04375 0.0325
0 0.6129166666666667 0.21375 0.03833333333333333 0.023125
0 0.7016666666666667 0.154375 0.042083333333333334 0.024375