0 0.5058333333333334 0.59875 0.14583333333333334 0.1125
0 0.6991666666666667 0.475625 0.10333333333333333 0.095625
0 0.6483333333333333 0.353125 0.09916666666666667 0.056875
0 0.39375 0.47375 0.1075 0.055
0 0.3358333333333333 0.404375 0.04666666666666667 0.0625
0 0.41458333333333336 0.380625 0.0525 0.04125
0 0.4920833333333333 0.309375 0.04666666666666667 0.030625
0 0.5579166666666666 0.254375 0.04083333333333333 0.029375
0 0.7241666666666666 0.275625 0.06416666666666666 0.04625
0 0.8191666666666667 0.34 0.06916666666666667 0.055625
0 0.86125 0.385 0.028333333333333332 0.041875
0 0.9241666666666667 0.295 0.044583333333333336 0.055625
0 0.8891666666666667 0.22 0.04083333333333333 0.03375
0 0.7166666666666667 0.203125 0.032916666666666664 0.025
0 0.7116666666666667 0.17875 0.012916666666666667 0.01625
0 0.4554166666666667 0.226875 0.059583333333333335 0.035