0 0.45666666666666667 0.454375 0.10583333333333333 0.038125
0 0.33416666666666667 0.545625 0.056666666666666664 0.0325
0 0.445 0.725 0.13625 0.06375
0 0.5670833333333334 0.561875 0.14083333333333334 0.089375
0 0.77 0.433125 0.10666666666666667 0.06125
0 0.6358333333333334 0.424375 0.08666666666666667 0.036875
0 0.6341666666666667 0.375 0.075 0.03
0 0.7633333333333333 0.298125 0.08 0.02
0 0.5375 0.260625 0.060833333333333336 0.025625
0 0.6125 0.2125 0.03791666666666667 0.021875
0 0.65875 0.225 0.03125 0.0225
0 0.9158333333333334 0.26 0.04541666666666667 0.024375
0 0.8745833333333334 0.2225 0.030416666666666668 0.0275
0 0.85875 0.38375 0.024583333333333332 0.03
0 0.9025 0.16625 0.018333333333333333 0.02