0 0.4075 0.7375 0.16375 0.0975
0 0.5320833333333334 0.575 0.15333333333333332 0.12875
0 0.7225 0.455625 0.14541666666666667 0.0775
0 0.8575 0.3925 0.035833333333333335 0.033125
0 0.8216666666666667 0.34125 0.06416666666666666 0.06
0 0.7745833333333333 0.2525 0.05708333333333333 0.044375
0 0.5779166666666666 0.326875 0.07458333333333333 0.058125
0 0.4708333333333333 0.253125 0.03833333333333333 0.02375
0 0.53875 0.263125 0.0325 0.035
0 0.32875 0.41875 0.045 0.0525
0 0.8854166666666666 0.220625 0.02875 0.03625
0 0.95375 0.2075 0.0325 0.036875
0 0.7904166666666667 0.555625 0.11208333333333333 0.114375