0 0.6941666666666667 0.344375 0.10666666666666667 0.035625
0 0.43166666666666664 0.36 0.07666666666666666 0.0325
0 0.59375 0.28375 0.07416666666666667 0.03
0 0.4429166666666667 0.285625 0.0525 0.0325
0 0.525 0.24625 0.07 0.0275
0 0.9154166666666667 0.2575 0.052083333333333336 0.024375
0 0.8191666666666667 0.288125 0.07541666666666667 0.025625
0 0.9841666666666666 0.235625 0.03125 0.03125
0 0.8820833333333333 0.199375 0.0575 0.0275
0 0.82375 0.2125 0.04 0.03
0 0.37583333333333335 0.29 0.030833333333333334 0.035625