0 0.52 0.548125 0.16208333333333333 0.09625
0 0.66375 0.273125 0.06125 0.050625
0 0.7904166666666667 0.429375 0.09666666666666666 0.05625
0 0.53125 0.34125 0.05708333333333333 0.04375
0 0.39916666666666667 0.714375 0.08541666666666667 0.07
0 0.3104166666666667 0.344375 0.04125 0.041875
0 0.4404166666666667 0.27375 0.03875 0.051875
0 0.7291666666666666 0.34875 0.09291666666666666 0.046875
0 0.8241666666666667 0.285 0.058333333333333334 0.056875
0 0.9075 0.255625 0.06166666666666667 0.048125
0 0.9770833333333333 0.230625 0.03375 0.035625