0 0.60125 0.285625 0.07583333333333334 0.036875
0 0.6433333333333333 0.206875 0.06208333333333333 0.01875
0 0.5045833333333334 0.245625 0.042916666666666665 0.03125
0 0.38708333333333333 0.295 0.06458333333333334 0.025625
0 0.31875 0.325625 0.035 0.024375
0 0.83875 0.285625 0.04625 0.039375
0 0.8170833333333334 0.214375 0.0275 0.025625
0 0.72 0.246875 0.08208333333333333 0.03125
0 0.9129166666666667 0.191875 0.04958333333333333 0.025625
0 0.97875 0.2375 0.034583333333333334 0.04
0 0.92 0.25375 0.032916666666666664 0.029375