0 0.38958333333333334 0.715 0.13416666666666666 0.15125
0 0.5908333333333333 0.524375 0.18416666666666667 0.129375
0 0.6970833333333334 0.6275 0.11875 0.089375
0 0.7591666666666667 0.466875 0.09 0.0975
0 0.3525 0.39125 0.059166666666666666 0.043125
0 0.595 0.24375 0.03166666666666667 0.025
0 0.6908333333333333 0.288125 0.045 0.038125
0 0.9658333333333333 0.275 0.04666666666666667 0.05125
0 0.6833333333333333 0.169375 0.037083333333333336 0.03125
0 0.6083333333333333 0.2125 0.035833333333333335 0.025
0 0.8091666666666667 0.250625 0.04625 0.035
0 0.9316666666666666 0.208125 0.0325 0.02375