0 0.3854166666666667 0.66 0.11708333333333333 0.136875
0 0.5875 0.659375 0.15958333333333333 0.11
0 0.6354166666666666 0.515 0.11208333333333333 0.088125
0 0.8179166666666666 0.424375 0.09125 0.065625
0 0.9008333333333334 0.30375 0.04958333333333333 0.04625
0 0.9675 0.27625 0.0525 0.04125
0 0.9016666666666666 0.224375 0.025416666666666667 0.03
0 0.6025 0.2375 0.027916666666666666 0.031875
0 0.30125 0.29375 0.0175 0.033125
0 0.4025 0.24 0.0425 0.030625
0 0.7666666666666667 0.16625 0.035833333333333335 0.030625