0 0.5533333333333333 0.55875 0.1425 0.116875
0 0.77 0.4375 0.08625 0.054375
0 0.90625 0.300625 0.04958333333333333 0.05
0 0.9333333333333333 0.206875 0.034583333333333334 0.031875
0 0.5279166666666667 0.404375 0.10541666666666667 0.066875
0 0.6691666666666667 0.293125 0.06333333333333334 0.045625
0 0.5720833333333334 0.290625 0.07125 0.0325
0 0.64 0.229375 0.042083333333333334 0.029375
0 0.40958333333333335 0.35125 0.07 0.041875
0 0.32375 0.42375 0.050833333333333335 0.04875
0 0.3129166666666667 0.338125 0.049166666666666664 0.0275
0 0.8383333333333334 0.175 0.025 0.025625
0 0.7920833333333334 0.25125 0.04541666666666667 0.045625
0 0.34041666666666665 0.698125 0.085 0.103125