0 0.3804166666666667 0.680625 0.11291666666666667 0.1275
0 0.5629166666666666 0.54625 0.165 0.114375
0 0.35083333333333333 0.5125 0.1075 0.09
0 0.43333333333333335 0.350625 0.07625 0.049375
0 0.5070833333333333 0.400625 0.1075 0.06375
0 0.44083333333333335 0.29125 0.044583333333333336 0.034375
0 0.5758333333333333 0.288125 0.07 0.036875
0 0.6616666666666666 0.26875 0.03375 0.02375
0 0.7383333333333333 0.376875 0.07375 0.06625
0 0.7779166666666667 0.43375 0.09125 0.051875
0 0.8683333333333333 0.30625 0.06916666666666667 0.065625