0 0.7779166666666667 0.440625 0.10791666666666666 0.068125
0 0.5670833333333334 0.425625 0.1125 0.0575
0 0.5675 0.54375 0.12208333333333334 0.084375
0 0.6945833333333333 0.331875 0.07833333333333334 0.03375
0 0.8020833333333334 0.296875 0.06208333333333333 0.0325
0 0.95875 0.240625 0.04625 0.029375
0 0.68375 0.28625 0.057916666666666665 0.02625
0 0.90125 0.261875 0.04958333333333333 0.0275
0 0.41541666666666666 0.72625 0.18666666666666668 0.06625
0 0.7633333333333333 0.555 0.11708333333333333 0.05375
0 0.91375 0.37375 0.05625 0.0275
0 0.9854166666666667 0.33 0.029166666666666667 0.04
0 0.33541666666666664 0.334375 0.058333333333333334 0.0325