0 0.42583333333333334 0.638125 0.15291666666666667 0.130625
0 0.4395833333333333 0.45625 0.11625 0.090625
0 0.35041666666666665 0.386875 0.06625 0.063125
0 0.6970833333333334 0.379375 0.08375 0.1025
0 0.6770833333333334 0.49375 0.10666666666666667 0.11125
0 0.5225 0.7 0.22 0.10625
0 0.8354166666666667 0.4125 0.07833333333333334 0.048125
0 0.8625 0.31625 0.06666666666666667 0.053125
0 0.9475 0.28125 0.04 0.051875
0 0.8429166666666666 0.235 0.05458333333333333 0.033125
0 0.7258333333333333 0.275625 0.04875 0.036875
0 0.64 0.19375 0.015 0.03625
0 0.8066666666666666 0.180625 0.03791666666666667 0.03125
0 0.90875 0.221875 0.0375 0.02875