0 0.3616666666666667 0.736875 0.12125 0.074375
0 0.37625 0.501875 0.0725 0.093125
0 0.5954166666666667 0.541875 0.16208333333333333 0.11
0 0.7095833333333333 0.60875 0.15625 0.11125
0 0.7816666666666666 0.440625 0.12333333333333334 0.06875
0 0.7308333333333333 0.3575 0.08 0.09875
0 0.7066666666666667 0.27375 0.057916666666666665 0.04875
0 0.4845833333333333 0.323125 0.06 0.03625
0 0.56 0.20375 0.045 0.03125
0 0.59625 0.24125 0.027083333333333334 0.024375
0 0.81625 0.23 0.03666666666666667 0.05375
0 0.8816666666666667 0.308125 0.06291666666666666 0.061875
0 0.965 0.28 0.0575 0.0625
0 0.8708333333333333 0.223125 0.042083333333333334 0.033125