0 0.38666666666666666 0.68875 0.10875 0.123125
0 0.6216666666666667 0.526875 0.14958333333333335 0.09125
0 0.6879166666666666 0.619375 0.16041666666666668 0.0975
0 0.8020833333333334 0.416875 0.105 0.04875
0 0.7045833333333333 0.38375 0.0675 0.05875
0 0.38958333333333334 0.490625 0.1025 0.058125
0 0.4091666666666667 0.389375 0.08708333333333333 0.039375
0 0.50375 0.3125 0.07666666666666666 0.0525
0 0.5733333333333334 0.24625 0.04833333333333333 0.045625
0 0.6658333333333334 0.215 0.04541666666666667 0.045625
0 0.69125 0.285 0.055 0.04875
0 0.79625 0.241875 0.04625 0.050625
0 0.8666666666666667 0.224375 0.051666666666666666 0.04
0 0.87375 0.313125 0.06625 0.06375
0 0.91625 0.1625 0.028333333333333332 0.031875