0 0.5125 0.580625 0.18416666666666667 0.11
0 0.6841666666666667 0.490625 0.12333333333333334 0.066875
0 0.84 0.403125 0.06333333333333334 0.053125
0 0.60875 0.31375 0.050833333333333335 0.05
0 0.6291666666666667 0.230625 0.050833333333333335 0.02375
0 0.7929166666666667 0.1875 0.02875 0.02
0 0.8 0.345625 0.05583333333333333 0.05625
0 0.76625 0.576875 0.07708333333333334 0.084375
0 0.37666666666666665 0.765 0.13291666666666666 0.08625
0 0.9045833333333333 0.28625 0.03916666666666667 0.06
0 0.9658333333333333 0.153125 0.019166666666666665 0.020625
0 0.9245833333333333 0.161875 0.0175 0.0275