0 0.5275 0.5875 0.14583333333333334 0.1225
0 0.5004166666666666 0.701875 0.15791666666666668 0.073125
0 0.7341666666666666 0.56875 0.14 0.1075
0 0.7366666666666667 0.463125 0.12 0.0625
0 0.8133333333333334 0.32625 0.04875 0.0775
0 0.5220833333333333 0.406875 0.12041666666666667 0.06
0 0.38916666666666666 0.371875 0.07833333333333334 0.0475
0 0.4975 0.331875 0.07166666666666667 0.036875
0 0.38458333333333333 0.3 0.042916666666666665 0.0325
0 0.50125 0.26625 0.037083333333333336 0.039375
0 0.74 0.260625 0.04666666666666667 0.041875
0 0.9754166666666667 0.27125 0.04 0.043125