0 0.4525 0.63625 0.14 0.09375
0 0.6883333333333334 0.488125 0.1275 0.090625
0 0.59375 0.43125 0.09 0.054375
0 0.40541666666666665 0.46875 0.0725 0.0475
0 0.5033333333333333 0.31875 0.050416666666666665 0.04125
0 0.6175 0.271875 0.06625 0.04
0 0.7220833333333333 0.23 0.037083333333333336 0.02875
0 0.7795833333333333 0.30125 0.06708333333333333 0.053125
0 0.78625 0.345625 0.060833333333333336 0.0525
0 0.8558333333333333 0.39375 0.030833333333333334 0.05625
0 0.8979166666666667 0.20375 0.04125 0.03625
0 0.4875 0.221875 0.044583333333333336 0.036875