0 0.58625 0.54375 0.1575 0.116875
0 0.7891666666666667 0.433125 0.12708333333333333 0.05875
0 0.7808333333333334 0.349375 0.06916666666666667 0.090625
0 0.8054166666666667 0.2375 0.04041666666666666 0.045
0 0.6804166666666667 0.286875 0.06125 0.045625
0 0.6870833333333334 0.333125 0.07583333333333334 0.04
0 0.46041666666666664 0.433125 0.10166666666666667 0.0575
0 0.47375 0.35 0.05375 0.04625
0 0.36625 0.38375 0.0525 0.04625
0 0.31833333333333336 0.51875 0.05333333333333334 0.075
0 0.6883333333333334 0.245625 0.02875 0.024375
0 0.675 0.221875 0.043333333333333335 0.025