0 0.4554166666666667 0.63875 0.1425 0.108125
0 0.6558333333333334 0.499375 0.12916666666666668 0.084375
0 0.8408333333333333 0.4025 0.06 0.06125
0 0.8366666666666667 0.33125 0.06708333333333333 0.058125
0 0.66625 0.410625 0.10583333333333333 0.06875
0 0.56875 0.3725 0.09375 0.048125
0 0.41375 0.484375 0.10208333333333333 0.06375
0 0.34833333333333333 0.400625 0.06291666666666666 0.061875
0 0.4225 0.279375 0.041666666666666664 0.0275
0 0.47833333333333333 0.325625 0.056666666666666664 0.036875
0 0.5683333333333334 0.226875 0.04583333333333333 0.02875
0 0.665 0.21625 0.04083333333333333 0.034375
0 0.7025 0.246875 0.045 0.0275
0 0.6641666666666667 0.286875 0.04666666666666667 0.038125
0 0.7679166666666667 0.214375 0.03375 0.0275
0 0.8116666666666666 0.11875 0.023333333333333334 0.02875