0 0.3566666666666667 0.676875 0.09833333333333333 0.12875
0 0.5475 0.5675 0.1425 0.1025
0 0.7629166666666667 0.4425 0.10166666666666667 0.044375
0 0.7395833333333334 0.36625 0.08583333333333333 0.05875
0 0.6583333333333333 0.34125 0.08166666666666667 0.045625
0 0.49125 0.41875 0.11791666666666667 0.0525
0 0.3283333333333333 0.521875 0.065 0.09375
0 0.33708333333333335 0.3275 0.04708333333333333 0.035
0 0.56125 0.3 0.08583333333333333 0.045625
0 0.81875 0.29125 0.06 0.04125
0 0.40208333333333335 0.3775 0.07666666666666666 0.038125
0 0.67 0.25375 0.08916666666666667 0.036875
0 0.9254166666666667 0.36875 0.06958333333333333 0.061875
0 0.99375 0.32125 0.012083333333333333 0.045