0 0.45458333333333334 0.620625 0.14625 0.11125
0 0.6966666666666667 0.48 0.13666666666666666 0.084375
0 0.9266666666666666 0.299375 0.051666666666666666 0.05
0 0.88 0.220625 0.035833333333333335 0.03625
0 0.9525 0.208125 0.034583333333333334 0.03375
0 0.9508333333333333 0.16 0.02 0.025625
0 0.6508333333333334 0.225 0.0375 0.026875
0 0.7108333333333333 0.275625 0.05333333333333334 0.04375
0 0.34875 0.310625 0.028333333333333332 0.043125
0 0.78375 0.55875 0.07625 0.089375
0 0.38416666666666666 0.74875 0.145 0.061875