0 0.3858333333333333 0.69625 0.105 0.120625
0 0.6983333333333334 0.63 0.11041666666666666 0.08625
0 0.6220833333333333 0.51875 0.16541666666666666 0.10125
0 0.78625 0.4475 0.10833333333333334 0.083125
0 0.37041666666666667 0.505625 0.07458333333333333 0.07375
0 0.5170833333333333 0.264375 0.05416666666666667 0.05125
0 0.5175 0.41125 0.14208333333333334 0.0675
0 0.6983333333333334 0.3375 0.09458333333333334 0.04875
0 0.785 0.170625 0.044583333333333336 0.030625
0 0.9616666666666667 0.25375 0.06583333333333333 0.045
0 0.8308333333333333 0.28375 0.10416666666666667 0.0275
0 0.3408333333333333 0.308125 0.07916666666666666 0.035625