0 0.7225 0.6175 0.14083333333333334 0.1075
0 0.6391666666666667 0.510625 0.145 0.095
0 0.3883333333333333 0.695625 0.09666666666666666 0.10125
0 0.82 0.419375 0.09416666666666666 0.06875
0 0.42375 0.486875 0.1075 0.059375
0 0.5670833333333334 0.225625 0.05375 0.031875
0 0.6683333333333333 0.2025 0.0475 0.0275
0 0.5641666666666667 0.385 0.09208333333333334 0.048125
0 0.72875 0.335 0.09125 0.04625
0 0.83625 0.285625 0.07041666666666667 0.043125
0 0.9325 0.37125 0.05541666666666667 0.041875
0 0.9033333333333333 0.25875 0.035416666666666666 0.06