0 0.4245833333333333 0.645625 0.1275 0.0925
0 0.5320833333333334 0.733125 0.14125 0.03125
0 0.675 0.50375 0.13291666666666666 0.043125
0 0.8133333333333334 0.34 0.06125 0.055625
0 0.9108333333333334 0.305 0.042916666666666665 0.021875
0 0.9766666666666667 0.28375 0.04666666666666667 0.039375
0 0.7241666666666666 0.224375 0.0525 0.025625
0 0.8066666666666666 0.21875 0.04041666666666666 0.035
0 0.8725 0.19375 0.03666666666666667 0.029375
0 0.6091666666666666 0.273125 0.05291666666666667 0.050625
0 0.4925 0.31875 0.09416666666666666 0.029375
0 0.35 0.40375 0.05583333333333333 0.0325