0 0.5308333333333334 0.57125 0.1575 0.125625
0 0.7525 0.44375 0.10791666666666666 0.0475
0 0.68625 0.2775 0.06375 0.048125
0 0.5425 0.283125 0.027083333333333334 0.075
0 0.4995833333333333 0.415625 0.10708333333333334 0.05
0 0.4008333333333333 0.3675 0.09666666666666666 0.046875
0 0.30875 0.336875 0.04083333333333333 0.041875
0 0.8441666666666666 0.175625 0.025416666666666667 0.01125
0 0.88875 0.219375 0.035833333333333335 0.03125
0 0.9454166666666667 0.205625 0.043333333333333335 0.0375
0 0.91625 0.3025 0.050833333333333335 0.064375
0 0.9779166666666667 0.280625 0.03875 0.043125
0 0.65375 0.229375 0.03875 0.026875
0 0.35875 0.73625 0.10333333333333333 0.05875