0 0.3616666666666667 0.7475 0.1175 0.075625
0 0.5891666666666666 0.55 0.14916666666666667 0.125
0 0.7229166666666667 0.600625 0.16583333333333333 0.138125
0 0.7741666666666667 0.43 0.12416666666666666 0.0525
0 0.6404166666666666 0.299375 0.049166666666666664 0.045625
0 0.5283333333333333 0.335 0.07708333333333334 0.063125
0 0.315 0.429375 0.06833333333333333 0.066875
0 0.50125 0.246875 0.04416666666666667 0.0275
0 0.5058333333333334 0.275 0.042083333333333334 0.033125
0 0.75625 0.25875 0.056666666666666664 0.045625
0 0.9158333333333334 0.285 0.042916666666666665 0.050625
0 0.8675 0.235625 0.03916666666666667 0.0275