0 0.3725 0.70875 0.09166666666666666 0.06875
0 0.58875 0.548125 0.10083333333333333 0.09
0 0.685 0.631875 0.125 0.085625
0 0.7958333333333333 0.449375 0.09666666666666666 0.07875
0 0.7216666666666667 0.375625 0.09333333333333334 0.05
0 0.86625 0.319375 0.06041666666666667 0.04375
0 0.37625 0.48375 0.08458333333333333 0.083125
0 0.44208333333333333 0.35 0.06916666666666667 0.033125
0 0.5491666666666667 0.289375 0.04625 0.02625
0 0.6754166666666667 0.2525 0.06416666666666666 0.0325
0 0.7854166666666667 0.2125 0.0475 0.035
0 0.8620833333333333 0.199375 0.05 0.01875
0 0.9316666666666666 0.291875 0.041666666666666664 0.0275