0 0.5091666666666667 0.719375 0.17125 0.03375
0 0.48541666666666666 0.62125 0.15583333333333332 0.056875
0 0.6858333333333333 0.48875 0.12416666666666666 0.05
0 0.4525 0.43875 0.09 0.035
0 0.36375 0.386875 0.0675 0.041875
0 0.5108333333333334 0.308125 0.08708333333333333 0.029375
0 0.8075 0.33125 0.03958333333333333 0.055625
0 0.8575 0.3975 0.06916666666666667 0.065
0 0.8979166666666667 0.308125 0.06708333333333333 0.051875
0 0.965 0.275625 0.037083333333333336 0.050625
0 0.81625 0.21125 0.050833333333333335 0.040625
0 0.8845833333333334 0.200625 0.05583333333333333 0.03125
0 0.9425 0.195 0.029583333333333333 0.026875
0 0.6525 0.1975 0.056666666666666664 0.0325