0 0.61375 0.52125 0.16041666666666668 0.1025
0 0.7995833333333333 0.42125 0.09666666666666666 0.065625
0 0.7495833333333334 0.3725 0.085 0.066875
0 0.7179166666666666 0.324375 0.07541666666666667 0.048125
0 0.6625 0.293125 0.0525 0.03375
0 0.5658333333333333 0.27875 0.050416666666666665 0.02375
0 0.50375 0.2675 0.042083333333333334 0.038125
0 0.44416666666666665 0.27125 0.043333333333333335 0.035
0 0.5116666666666667 0.328125 0.06583333333333333 0.04625
0 0.4875 0.413125 0.09791666666666667 0.036875
0 0.39666666666666667 0.37 0.07 0.040625
0 0.3275 0.524375 0.08375 0.055625
0 0.7866666666666666 0.254375 0.051666666666666666 0.038125
0 0.8566666666666667 0.22875 0.04583333333333333 0.04125