0 0.7358333333333333 0.328125 0.09583333333333334 0.043125
0 0.8558333333333333 0.2725 0.06 0.024375
0 0.9216666666666666 0.260625 0.03791666666666667 0.025625
0 0.6379166666666667 0.26875 0.06375 0.03125
0 0.4608333333333333 0.334375 0.06916666666666667 0.0275
0 0.42083333333333334 0.28875 0.051666666666666666 0.02625
0 0.5129166666666667 0.27375 0.07041666666666667 0.024375
0 0.53 0.236875 0.035833333333333335 0.024375
0 0.8458333333333333 0.205625 0.05333333333333334 0.035
0 0.9004166666666666 0.193125 0.04666666666666667 0.01875
0 0.7354166666666667 0.2375 0.04625 0.020625