0 0.72125 0.33625 0.125 0.0425
0 0.4379166666666667 0.3525 0.07041666666666667 0.02875
0 0.4325 0.283125 0.050416666666666665 0.01875
0 0.39125 0.29375 0.052083333333333336 0.025625
0 0.5258333333333334 0.246875 0.0625 0.015
0 0.5954166666666667 0.275 0.06041666666666667 0.025625
0 0.7275 0.24 0.0475 0.03375
0 0.83375 0.203125 0.034166666666666665 0.029375
0 0.8425 0.28 0.06375 0.03
0 0.92625 0.258125 0.04416666666666667 0.03
0 0.9783333333333334 0.25 0.03166666666666667 0.03
0 0.8945833333333333 0.195625 0.035 0.0275