0 0.5920833333333333 0.69125 0.13583333333333333 0.081875
0 0.46958333333333335 0.611875 0.13625 0.105625
0 0.6954166666666667 0.48 0.145 0.07875
0 0.8370833333333333 0.4125 0.08125 0.05125
0 0.8829166666666667 0.2125 0.04708333333333333 0.041875
0 0.60375 0.219375 0.059166666666666666 0.035
0 0.9745833333333334 0.24625 0.050833333333333335 0.03
0 0.6020833333333333 0.381875 0.09583333333333334 0.043125
0 0.43666666666666665 0.446875 0.11625 0.063125
0 0.36125 0.535625 0.08833333333333333 0.030625
0 0.7466666666666667 0.311875 0.08166666666666667 0.04
0 0.8345833333333333 0.27375 0.065 0.03875
0 0.37833333333333335 0.3 0.04666666666666667 0.0325