0 0.5795833333333333 0.54 0.17166666666666666 0.0925
0 0.6933333333333334 0.62625 0.16416666666666666 0.131875
0 0.7883333333333333 0.439375 0.11833333333333333 0.088125
0 0.7795833333333333 0.346875 0.095 0.05
0 0.7770833333333333 0.260625 0.060833333333333336 0.038125
0 0.6195833333333334 0.31375 0.043333333333333335 0.041875
0 0.34708333333333335 0.503125 0.04958333333333333 0.095625
0 0.7416666666666667 0.20125 0.027083333333333334 0.03125
0 0.8454166666666667 0.175625 0.025416666666666667 0.020625
0 0.88125 0.221875 0.04125 0.04125
0 0.91125 0.298125 0.0575 0.056875
0 0.9775 0.28 0.04041666666666666 0.038125
0 0.9841666666666666 0.330625 0.029583333333333333 0.0225
0 0.935 0.21 0.044583333333333336 0.03625
0 0.36833333333333335 0.730625 0.14333333333333334 0.10625