0 0.5229166666666667 0.413125 0.10875 0.035
0 0.36875 0.705 0.0775 0.1225
0 0.35375 0.5 0.06333333333333334 0.099375
0 0.6570833333333334 0.51375 0.13083333333333333 0.08125
0 0.7608333333333334 0.5875 0.11708333333333333 0.0775
0 0.8291666666666667 0.40875 0.0975 0.053125
0 0.80125 0.29125 0.065 0.066875
0 0.6841666666666667 0.360625 0.08541666666666667 0.04625
0 0.9379166666666666 0.25375 0.05375 0.04375
0 0.9845833333333334 0.3325 0.025416666666666667 0.054375
0 0.97125 0.47875 0.0275 0.058125