0 0.3883333333333333 0.673125 0.11583333333333333 0.14375
0 0.5904166666666667 0.518125 0.13375 0.090625
0 0.5891666666666666 0.658125 0.20583333333333334 0.12125
0 0.8145833333333333 0.418125 0.09041666666666667 0.078125
0 0.7279166666666667 0.32125 0.08583333333333333 0.04125
0 0.67 0.394375 0.10583333333333333 0.07375
0 0.5404166666666667 0.398125 0.10375 0.0625
0 0.3675 0.49375 0.10083333333333333 0.083125
0 0.46541666666666665 0.3325 0.07541666666666667 0.0525
0 0.5870833333333333 0.280625 0.06916666666666667 0.031875
0 0.6933333333333334 0.24375 0.065 0.0275
0 0.76125 0.171875 0.03208333333333333 0.02
0 0.54125 0.215625 0.045 0.020625
0 0.50375 0.2075 0.029583333333333333 0.033125
0 0.8479166666666667 0.318125 0.050833333333333335 0.065