0 0.6020833333333333 0.556875 0.18916666666666668 0.12
0 0.76375 0.44625 0.08916666666666667 0.07375
0 0.7879166666666667 0.344375 0.06541666666666666 0.074375
0 0.8375 0.225625 0.02666666666666667 0.05625
0 0.89375 0.305625 0.04125 0.076875
0 0.9579166666666666 0.275 0.04125 0.056875
0 0.52625 0.4175 0.10666666666666667 0.068125
0 0.5425 0.334375 0.052083333333333336 0.04375
0 0.6458333333333334 0.301875 0.04416666666666667 0.04375
0 0.7554166666666666 0.265 0.059583333333333335 0.043125
0 0.3125 0.420625 0.05333333333333334 0.04125
0 0.48 0.219375 0.030833333333333334 0.03125