0 0.5783333333333334 0.294375 0.08666666666666667 0.0425
0 0.7158333333333333 0.24375 0.07125 0.05
0 0.8216666666666667 0.29625 0.07333333333333333 0.04375
0 0.9220833333333334 0.2575 0.056666666666666664 0.033125
0 0.97125 0.239375 0.041666666666666664 0.041875
0 0.80375 0.2125 0.0625 0.03
0 0.8804166666666666 0.1975 0.05 0.03125
0 0.9425 0.181875 0.03916666666666667 0.024375
0 0.49541666666666667 0.256875 0.052083333333333336 0.0275
0 0.6104166666666667 0.216875 0.04875 0.016875
0 0.35625 0.31625 0.06916666666666667 0.03125