0 0.68 0.39375 0.08791666666666667 0.083125
0 0.7233333333333334 0.461875 0.08458333333333333 0.07375
0 0.9725 0.266875 0.05458333333333333 0.043125
0 0.7633333333333333 0.26125 0.05333333333333334 0.040625
0 0.35 0.414375 0.04833333333333333 0.0475
0 0.755 0.198125 0.041666666666666664 0.030625
0 0.5833333333333334 0.319375 0.06708333333333333 0.055625
0 0.5670833333333334 0.55 0.16416666666666666 0.1125
0 0.49083333333333334 0.415 0.10166666666666667 0.074375
0 0.3325 0.541875 0.09375 0.055625
0 0.8020833333333334 0.344375 0.060833333333333336 0.049375