0 0.6833333333333333 0.611875 0.15041666666666667 0.091875
0 0.6895833333333333 0.495625 0.13458333333333333 0.065625
0 0.4141666666666667 0.663125 0.13333333333333333 0.1225
0 0.39166666666666666 0.471875 0.12625 0.0625
0 0.565 0.393125 0.10666666666666667 0.053125
0 0.8279166666666666 0.2775 0.06583333333333333 0.039375
0 0.73625 0.320625 0.059166666666666666 0.036875
0 0.83125 0.391875 0.07666666666666666 0.038125
0 0.9533333333333334 0.24875 0.057916666666666665 0.0275
0 0.9458333333333333 0.3625 0.03791666666666667 0.03375
0 0.9175 0.500625 0.042916666666666665 0.040625