0 0.44958333333333333 0.654375 0.1375 0.09375
0 0.6625 0.50125 0.09833333333333333 0.066875
0 0.5433333333333333 0.691875 0.1425 0.069375
0 0.4295833333333333 0.455625 0.09916666666666667 0.029375
0 0.3383333333333333 0.54375 0.07958333333333334 0.041875
0 0.35041666666666665 0.405 0.08 0.0275
0 0.5016666666666667 0.318125 0.08375 0.0325
0 0.7175 0.24125 0.07291666666666667 0.038125
0 0.80125 0.346875 0.059166666666666666 0.035
0 0.6708333333333333 0.413125 0.10625 0.039375
0 0.9041666666666667 0.303125 0.04666666666666667 0.04875
0 0.8533333333333334 0.40125 0.06583333333333333 0.065
0 0.9654166666666667 0.259375 0.052083333333333336 0.036875
0 0.8783333333333333 0.199375 0.04625 0.02875
0 0.81 0.215 0.049166666666666664 0.025625
0 0.5145833333333333 0.23375 0.03333333333333333 0.039375