0 0.405859375 0.6951388888888889 0.04609375 0.14027777777777778
0 0.438671875 0.55 0.03046875 0.1111111111111111
0 0.409375 0.49236111111111114 0.01875 0.06805555555555555
0 0.418359375 0.43680555555555556 0.02578125 0.09027777777777778
0 0.517578125 0.5145833333333333 0.01796875 0.07916666666666666
0 0.558203125 0.5090277777777777 0.03515625 0.10416666666666667
0 0.175 0.7701388888888889 0.059375 0.15138888888888888
0 0.671875 0.4986111111111111 0.0265625 0.09444444444444444
0 0.471484375 0.4576388888888889 0.01953125 0.09027777777777778
0 0.926171875 0.44583333333333336 0.03046875 0.10277777777777777
0 0.492578125 0.46458333333333335 0.01484375 0.10694444444444444