0 0.3984375 0.5833333333333334 0.0265625 0.11944444444444445
0 0.43203125 0.5763888888888888 0.0390625 0.13055555555555556
0 0.4015625 0.7229166666666667 0.0546875 0.14027777777777778
0 0.163671875 0.7909722222222222 0.06953125 0.15694444444444444
0 0.68359375 0.5243055555555556 0.0390625 0.09861111111111111
0 0.56328125 0.5291666666666667 0.04375 0.11388888888888889
0 0.510546875 0.5423611111111111 0.03671875 0.10694444444444444
0 0.497265625 0.4652777777777778 0.01953125 0.06388888888888888
0 0.47734375 0.48125 0.01875 0.10972222222222222
0 0.4140625 0.4486111111111111 0.028125 0.09722222222222222
0 0.960546875 0.4625 0.01640625 0.09166666666666666