0 0.179296875 0.7430555555555556 0.05390625 0.1361111111111111
0 0.39765625 0.7041666666666667 0.059375 0.19166666666666668
0 0.531640625 0.5173611111111112 0.02578125 0.08194444444444444
0 0.55390625 0.4847222222222222 0.0296875 0.1
0 0.4296875 0.5534722222222223 0.0234375 0.0763888888888889
0 0.45234375 0.5173611111111112 0.025 0.0875
0 0.397265625 0.49930555555555556 0.03203125 0.09583333333333334
0 0.424609375 0.44930555555555557 0.02265625 0.1125
0 0.891796875 0.43333333333333335 0.03046875 0.06111111111111111
0 0.6640625 0.48055555555555557 0.025 0.075
0 0.47421875 0.4409722222222222 0.025 0.09305555555555556