0 0.438671875 0.5694444444444444 0.03515625 0.10555555555555556
0 0.375 0.6923611111111111 0.0359375 0.09027777777777778
0 0.10546875 0.7881944444444444 0.046875 0.14583333333333334
0 0.523046875 0.5784722222222223 0.04140625 0.10416666666666667
0 0.5109375 0.4625 0.025 0.07777777777777778
0 0.394140625 0.48055555555555557 0.03515625 0.10555555555555556
0 0.358203125 0.4895833333333333 0.02578125 0.09027777777777778
0 0.415234375 0.4166666666666667 0.02421875 0.06666666666666667
0 0.81171875 0.44305555555555554 0.0296875 0.1
0 0.6375 0.44722222222222224 0.0265625 0.09166666666666666
0 0.487890625 0.42291666666666666 0.02109375 0.09027777777777778
0 0.47109375 0.4125 0.01875 0.06666666666666667
0 0.9078125 0.40625 0.0171875 0.06527777777777778