0 0.53203125 0.5493055555555556 0.0421875 0.11527777777777778
0 0.53671875 0.45416666666666666 0.025 0.08611111111111111
0 0.646484375 0.4583333333333333 0.02109375 0.06666666666666667
0 0.839453125 0.4284722222222222 0.02734375 0.09027777777777778
0 0.400390625 0.6930555555555555 0.04140625 0.13055555555555556
0 0.151953125 0.7715277777777778 0.06015625 0.13472222222222222
0 0.424609375 0.5555555555555556 0.03515625 0.075
0 0.4171875 0.4666666666666667 0.0265625 0.10277777777777777
0 0.3734375 0.4888888888888889 0.028125 0.075
0 0.44140625 0.44513888888888886 0.0125 0.09305555555555556
0 0.964453125 0.4236111111111111 0.02109375 0.058333333333333334