0 0.627734375 0.7805555555555556 0.04765625 0.09166666666666666
0 0.94921875 0.94375 0.040625 0.08472222222222223
0 0.924609375 0.75 0.06015625 0.11388888888888889
0 0.82421875 0.6701388888888888 0.040625 0.08472222222222223
0 0.8875 0.5763888888888888 0.0328125 0.06111111111111111
0 0.937109375 0.5486111111111112 0.02734375 0.06388888888888888
0 0.980859375 0.44583333333333336 0.02578125 0.03611111111111111
0 0.9015625 0.4111111111111111 0.0203125 0.03611111111111111
0 0.38671875 0.46111111111111114 0.0265625 0.058333333333333334
0 0.428515625 0.4041666666666667 0.03046875 0.05
0 0.31484375 0.43819444444444444 0.0234375 0.059722222222222225
0 0.10546875 0.5402777777777777 0.03125 0.04722222222222222
0 0.10390625 0.44583333333333336 0.0203125 0.03888888888888889
0 0.670703125 0.3326388888888889 0.02734375 0.0625