0 0.196875 0.7048611111111112 0.040625 0.059722222222222225
0 0.559375 0.5611111111111111 0.025 0.07222222222222222
0 0.859765625 0.7368055555555556 0.03359375 0.07361111111111111
0 0.840234375 0.8840277777777777 0.04765625 0.08472222222222223
0 0.381640625 0.3798611111111111 0.03359375 0.05416666666666667
0 0.323828125 0.3736111111111111 0.02890625 0.05
0 0.13984375 0.4548611111111111 0.0296875 0.02638888888888889
0 0.051953125 0.46944444444444444 0.02421875 0.04722222222222222
0 0.8234375 0.4861111111111111 0.025 0.05
0 0.875 0.4666666666666667 0.021875 0.05
0 0.91953125 0.6 0.0234375 0.041666666666666664
0 0.976953125 0.6506944444444445 0.02265625 0.059722222222222225
0 0.9578125 0.5152777777777777 0.028125 0.03888888888888889
0 0.739453125 0.5354166666666667 0.04453125 0.09305555555555556
0 0.834765625 0.5930555555555556 0.05546875 0.075