0 0.40625 0.7930555555555555 0.0375 0.09722222222222222
0 0.716796875 0.6722222222222223 0.06328125 0.125
0 0.822265625 0.8930555555555556 0.04140625 0.08611111111111111
0 0.96875 0.6208333333333333 0.0296875 0.06944444444444445
0 0.72265625 0.44930555555555557 0.0328125 0.05694444444444444
0 0.504296875 0.39791666666666664 0.04140625 0.059722222222222225
0 0.237109375 0.4840277777777778 0.02734375 0.0625
0 0.367578125 0.33125 0.02421875 0.07083333333333333
0 0.397265625 0.2965277777777778 0.03046875 0.059722222222222225
0 0.739453125 0.38125 0.02734375 0.04583333333333333
0 0.86875 0.5152777777777777 0.0125 0.058333333333333334
0 0.814453125 0.4708333333333333 0.01953125 0.03888888888888889
0 0.935546875 0.5083333333333333 0.01640625 0.05555555555555555
0 0.866015625 0.41041666666666665 0.01796875 0.04583333333333333
0 0.886328125 0.3909722222222222 0.01640625 0.04861111111111111
0 0.65625 0.40347222222222223 0.0359375 0.05138888888888889
0 0.7390625 0.55 0.0328125 0.058333333333333334