0 0.37734375 0.42083333333333334 0.025 0.13055555555555556
0 0.44765625 0.425 0.040625 0.11388888888888889
0 0.44140625 0.6208333333333333 0.0359375 0.14722222222222223
0 0.53515625 0.8555555555555555 0.0359375 0.19722222222222222
0 0.56640625 0.5333333333333333 0.03125 0.15833333333333333
0 0.4921875 0.3416666666666667 0.0375 0.12222222222222222
0 0.5984375 0.2388888888888889 0.0359375 0.14166666666666666
0 0.6046875 0.5888888888888889 0.034375 0.11944444444444445
0 0.70703125 0.7041666666666667 0.040625 0.19444444444444445
0 0.6671875 0.5069444444444444 0.03125 0.11944444444444445
0 0.728125 0.5166666666666667 0.0390625 0.14444444444444443
0 0.8359375 0.4263888888888889 0.0453125 0.16944444444444445