0 0.35546875 0.5166666666666667 0.05 0.14444444444444443
0 0.30078125 0.5 0.0484375 0.1361111111111111
0 0.41171875 0.425 0.0296875 0.11944444444444445
0 0.5203125 0.31666666666666665 0.0375 0.11944444444444445
0 0.365625 0.7388888888888889 0.0328125 0.19722222222222222
0 0.4703125 0.6013888888888889 0.0328125 0.16944444444444445
0 0.53203125 0.6902777777777778 0.046875 0.18611111111111112
0 0.61640625 0.8375 0.0421875 0.22777777777777777
0 0.60625 0.6 0.04375 0.14444444444444443
0 0.65859375 0.6111111111111112 0.034375 0.15
0 0.76015625 0.5611111111111111 0.040625 0.14444444444444443
0 0.46640625 0.9305555555555556 0.0484375 0.13333333333333333