0 0.24296875 0.33611111111111114 0.04375 0.08611111111111111
0 0.23671875 0.42777777777777776 0.0484375 0.1
0 0.20703125 0.6125 0.075 0.1638888888888889
0 0.22421875 0.7944444444444444 0.084375 0.15555555555555556
0 0.38359375 0.8097222222222222 0.071875 0.15
0 0.48984375 0.8138888888888889 0.0609375 0.16944444444444445
0 0.58046875 0.9166666666666666 0.05 0.15833333333333333
0 0.58828125 0.7694444444444445 0.075 0.10555555555555556
0 0.64375 0.5875 0.04375 0.10555555555555556
0 0.6734375 0.475 0.1046875 0.13055555555555556
0 0.6265625 0.2638888888888889 0.0578125 0.10555555555555556