0 0.2359375 0.3375 0.0578125 0.09722222222222222
0 0.2328125 0.4444444444444444 0.046875 0.09444444444444444
0 0.21875 0.6013888888888889 0.1046875 0.1388888888888889
0 0.2109375 0.7861111111111111 0.075 0.11944444444444445
0 0.37265625 0.8111111111111111 0.0671875 0.1527777777777778
0 0.49609375 0.8166666666666667 0.059375 0.16944444444444445
0 0.578125 0.9208333333333333 0.059375 0.14722222222222223
0 0.5953125 0.7652777777777777 0.06875 0.125
0 0.6484375 0.5819444444444445 0.046875 0.10833333333333334
0 0.665625 0.45694444444444443 0.0921875 0.11388888888888889
0 0.6203125 0.2513888888888889 0.05625 0.10833333333333334