0 0.28671875 0.4597222222222222 0.0921875 0.058333333333333334
0 0.2578125 0.7597222222222222 0.0578125 0.12777777777777777
0 0.31015625 0.8944444444444445 0.0609375 0.17777777777777778
0 0.43125 0.8763888888888889 0.046875 0.18333333333333332
0 0.56171875 0.8347222222222223 0.0578125 0.12777777777777777
0 0.6203125 0.8388888888888889 0.05625 0.2
0 0.68671875 0.7722222222222223 0.0671875 0.13333333333333333
0 0.6734375 0.6694444444444444 0.03125 0.08333333333333333
0 0.68125 0.5652777777777778 0.0890625 0.10833333333333334
0 0.64453125 0.4722222222222222 0.040625 0.07222222222222222
0 0.63203125 0.3861111111111111 0.053125 0.07222222222222222