0 0.3078125 0.5388888888888889 0.059375 0.1361111111111111
0 0.31640625 0.2875 0.0546875 0.075
0 0.3828125 0.6125 0.04375 0.10555555555555556
0 0.48828125 0.5458333333333333 0.0578125 0.08888888888888889
0 0.584375 0.5097222222222222 0.059375 0.06944444444444445
0 0.6390625 0.5055555555555555 0.03125 0.07777777777777778
0 0.66171875 0.46111111111111114 0.0625 0.06666666666666667
0 0.6734375 0.36527777777777776 0.059375 0.06666666666666667
0 0.66640625 0.2986111111111111 0.08125 0.07777777777777778
0 0.62734375 0.24583333333333332 0.046875 0.05555555555555555
0 0.6125 0.175 0.028125 0.06944444444444445