0 0.31015625 0.475 0.025 0.18055555555555555
0 0.36875 0.49444444444444446 0.0359375 0.15833333333333333
0 0.3609375 0.7069444444444445 0.028125 0.19444444444444445
0 0.53984375 0.30833333333333335 0.0359375 0.14722222222222223
0 0.48828125 0.5555555555555556 0.03125 0.18611111111111112
0 0.54140625 0.6472222222222223 0.05 0.16666666666666666
0 0.6171875 0.5625 0.0359375 0.14166666666666666
0 0.6671875 0.575 0.028125 0.17777777777777778
0 0.77734375 0.5513888888888889 0.046875 0.15833333333333333
0 0.63046875 0.8 0.034375 0.21944444444444444
0 0.4734375 0.925 0.04375 0.14444444444444443