0 0.4078125 0.45416666666666666 0.03125 0.11388888888888889
0 0.4078125 0.6611111111111111 0.028125 0.1527777777777778
0 0.5140625 0.8861111111111111 0.0375 0.20555555555555555
0 0.453125 0.36666666666666664 0.0234375 0.1361111111111111
0 0.3421875 0.43194444444444446 0.028125 0.14722222222222223
0 0.57734375 0.2625 0.05 0.12777777777777777
0 0.5390625 0.5263888888888889 0.034375 0.1638888888888889
0 0.58828125 0.6333333333333333 0.0390625 0.15833333333333333
0 0.6828125 0.7388888888888889 0.0328125 0.19722222222222222
0 0.65 0.5347222222222222 0.0359375 0.11388888888888889
0 0.7140625 0.5402777777777777 0.0375 0.15833333333333333
0 0.82734375 0.4736111111111111 0.05625 0.1527777777777778