0 0.4125 0.6236111111111111 0.0359375 0.1638888888888889
0 0.5015625 0.8583333333333333 0.0390625 0.20277777777777778
0 0.46328125 0.3194444444444444 0.028125 0.12222222222222222
0 0.4328125 0.4513888888888889 0.028125 0.13333333333333333
0 0.5703125 0.22777777777777777 0.025 0.14166666666666666
0 0.53671875 0.5722222222222222 0.021875 0.18888888888888888
0 0.58046875 0.6402777777777777 0.0296875 0.15833333333333333
0 0.66484375 0.7444444444444445 0.028125 0.2222222222222222
0 0.6296875 0.5208333333333334 0.0375 0.15555555555555556
0 0.69375 0.5458333333333333 0.0296875 0.18888888888888888
0 0.7921875 0.4361111111111111 0.034375 0.17222222222222222