0 0.3828125 0.42083333333333334 0.03125 0.11944444444444445
0 0.45234375 0.44027777777777777 0.021875 0.13333333333333333
0 0.49140625 0.3375 0.03125 0.13333333333333333
0 0.59296875 0.22916666666666666 0.0390625 0.1388888888888889
0 0.4359375 0.6347222222222222 0.04375 0.18333333333333332
0 0.53046875 0.8347222222222223 0.046875 0.24722222222222223
0 0.56640625 0.5319444444444444 0.028125 0.18055555555555555
0 0.60625 0.6125 0.01875 0.18333333333333332
0 0.69609375 0.7263888888888889 0.034375 0.17777777777777778
0 0.6671875 0.5138888888888888 0.0296875 0.1361111111111111
0 0.71875 0.5180555555555556 0.0359375 0.14444444444444443
0 0.82421875 0.4305555555555556 0.0390625 0.18333333333333332