0 0.3890625 0.40555555555555556 0.0265625 0.15555555555555556
0 0.4484375 0.45 0.040625 0.1388888888888889
0 0.44296875 0.6236111111111111 0.034375 0.16666666666666666
0 0.5328125 0.8444444444444444 0.046875 0.2388888888888889
0 0.56484375 0.5444444444444444 0.034375 0.19166666666666668
0 0.60390625 0.6125 0.025 0.19722222222222222
0 0.70078125 0.7111111111111111 0.03125 0.18333333333333332
0 0.6703125 0.5069444444444444 0.025 0.11388888888888889
0 0.72734375 0.5013888888888889 0.025 0.15833333333333333
0 0.8296875 0.44027777777777777 0.04375 0.1388888888888889
0 0.61484375 0.2375 0.0375 0.09722222222222222