0 0.3328125 0.43194444444444446 0.03125 0.14722222222222223
0 0.3921875 0.45694444444444443 0.0375 0.15833333333333333
0 0.4453125 0.37222222222222223 0.0375 0.11388888888888889
0 0.56171875 0.2833333333333333 0.04375 0.12222222222222222
0 0.3953125 0.6611111111111111 0.04375 0.15555555555555556
0 0.52265625 0.5638888888888889 0.0546875 0.1388888888888889
0 0.57265625 0.6375 0.05625 0.16666666666666666
0 0.64453125 0.5638888888888889 0.059375 0.13055555555555556
0 0.70234375 0.5708333333333333 0.0328125 0.1527777777777778
0 0.81484375 0.5 0.0390625 0.14166666666666666
0 0.6703125 0.7597222222222222 0.0375 0.19444444444444445
0 0.48515625 0.9069444444444444 0.071875 0.18333333333333332