0 0.35546875 0.4222222222222222 0.0296875 0.12777777777777777
0 0.4203125 0.4597222222222222 0.028125 0.11388888888888889
0 0.4671875 0.35555555555555557 0.01875 0.10833333333333334
0 0.5875 0.25833333333333336 0.03125 0.11666666666666667
0 0.4203125 0.65 0.034375 0.14444444444444443
0 0.54765625 0.5375 0.0375 0.14444444444444443
0 0.5875 0.6138888888888889 0.0296875 0.1638888888888889
0 0.6546875 0.5333333333333333 0.034375 0.14722222222222223
0 0.72421875 0.5194444444444445 0.046875 0.15833333333333333
0 0.83203125 0.46111111111111114 0.034375 0.14722222222222223
0 0.69140625 0.7222222222222222 0.0359375 0.20277777777777778
0 0.5234375 0.8763888888888889 0.046875 0.20555555555555555