0 0.32265625 0.33055555555555555 0.0671875 0.06111111111111111
0 0.31171875 0.6111111111111112 0.06875 0.1361111111111111
0 0.3984375 0.6763888888888889 0.0625 0.10833333333333334
0 0.5015625 0.6208333333333333 0.05 0.09444444444444444
0 0.60234375 0.5666666666666667 0.065625 0.075
0 0.6484375 0.5625 0.0453125 0.08611111111111111
0 0.67890625 0.5180555555555556 0.065625 0.06388888888888888
0 0.68984375 0.4361111111111111 0.05625 0.06944444444444445
0 0.678125 0.35 0.084375 0.08333333333333333
0 0.64140625 0.2875 0.05 0.04722222222222222
0 0.6234375 0.20277777777777778 0.0484375 0.08611111111111111