0 0.37421875 0.4111111111111111 0.034375 0.14722222222222223
0 0.43828125 0.44166666666666665 0.0140625 0.12777777777777777
0 0.4296875 0.6194444444444445 0.0421875 0.20555555555555555
0 0.51328125 0.8625 0.046875 0.23055555555555557
0 0.55078125 0.5763888888888888 0.0296875 0.20555555555555555
0 0.58984375 0.6402777777777777 0.021875 0.20833333333333334
0 0.67421875 0.7527777777777778 0.0453125 0.20555555555555555
0 0.64375 0.5375 0.0375 0.15555555555555556
0 0.7046875 0.5472222222222223 0.0296875 0.16666666666666666
0 0.8078125 0.44027777777777777 0.04375 0.17222222222222222
0 0.4765625 0.32083333333333336 0.034375 0.13333333333333333
0 0.584375 0.2375 0.0359375 0.14722222222222223