0 0.3765625 0.4111111111111111 0.0375 0.13333333333333333
0 0.4453125 0.44166666666666665 0.021875 0.1361111111111111
0 0.48203125 0.31527777777777777 0.028125 0.14722222222222223
0 0.58359375 0.2361111111111111 0.0375 0.12777777777777777
0 0.4265625 0.6305555555555555 0.046875 0.15
0 0.52421875 0.8583333333333333 0.059375 0.2222222222222222
0 0.55703125 0.5513888888888889 0.03125 0.1527777777777778
0 0.59921875 0.6361111111111111 0.0265625 0.20277777777777778
0 0.69609375 0.7236111111111111 0.05 0.18611111111111112
0 0.6484375 0.5111111111111111 0.034375 0.15
0 0.71484375 0.5263888888888889 0.04375 0.16111111111111112
0 0.8171875 0.42916666666666664 0.04375 0.17777777777777778