0 0.45703125 0.7158753709198813 0.0203125 0.10682492581602374
0 0.73359375 0.913946587537092 0.01875 0.10237388724035608
0 0.826953125 0.5089020771513353 0.02109375 0.09643916913946587
0 0.7515625 0.4413946587537092 0.0265625 0.0771513353115727
0 0.683984375 0.5467359050445104 0.02109375 0.09347181008902077
0 0.6578125 0.44807121661721067 0.0203125 0.09347181008902077
0 0.601953125 0.435459940652819 0.02421875 0.09050445103857567
0 0.56796875 0.4072700296735905 0.0265625 0.09940652818991098
0 0.533203125 0.39762611275964393 0.02109375 0.09347181008902077
0 0.490234375 0.43026706231454004 0.02265625 0.09198813056379822
0 0.459765625 0.4621661721068249 0.01640625 0.09792284866468842
0 0.428515625 0.4495548961424332 0.01640625 0.09347181008902077
0 0.379296875 0.4443620178041543 0.02890625 0.09792284866468842
0 0.333984375 0.5296735905044511 0.02265625 0.07863501483679525
0 0.490625 0.3241839762611276 0.0234375 0.07863501483679525
0 0.51171875 0.5927299703264095 0.015625 0.08456973293768547
0 0.537109375 0.594213649851632 0.01640625 0.09495548961424333
0 0.550390625 0.49258160237388726 0.01171875 0.09347181008902077
0 0.794140625 0.586053412462908 0.02109375 0.09198813056379822