0 0.7765625 0.6224035608308606 0.015625 0.09792284866468842
0 0.70546875 0.5704747774480712 0.0171875 0.09050445103857567
0 0.65390625 0.6683976261127597 0.021875 0.08605341246290801
0 0.63515625 0.5808605341246291 0.0171875 0.0771513353115727
0 0.5859375 0.5727002967359051 0.0171875 0.06231454005934718
0 0.56484375 0.6698813056379822 0.0125 0.09792284866468842
0 0.557421875 0.5489614243323442 0.01484375 0.06676557863501484
0 0.529296875 0.5511869436201781 0.01640625 0.08011869436201781
0 0.496484375 0.486646884272997 0.01484375 0.07566765578635015
0 0.4890625 0.5600890207715133 0.015625 0.06824925816023739
0 0.465625 0.5919881305637982 0.0125 0.06973293768545995
0 0.440625 0.5764094955489614 0.0078125 0.08011869436201781
0 0.403125 0.5882789317507419 0.0125 0.07566765578635015
0 0.3703125 0.6513353115727003 0.0234375 0.07566765578635015
0 0.4640625 0.7863501483679525 0.01875 0.08011869436201781
0 0.533984375 0.7010385756676558 0.01328125 0.07566765578635015