0 0.483203125 0.18620178041543026 0.02109375 0.1201780415430267
0 0.48046875 0.31305637982195844 0.0203125 0.11572700296735905
0 0.44296875 0.3516320474777448 0.0140625 0.1172106824925816
0 0.406640625 0.336053412462908 0.02734375 0.1201780415430267
0 0.3640625 0.34198813056379823 0.0234375 0.11127596439169139
0 0.296875 0.43026706231454004 0.0265625 0.1172106824925816
0 0.44453125 0.6624629080118695 0.025 0.1394658753709199
0 0.50625 0.5178041543026706 0.025 0.12759643916913946
0 0.54921875 0.5126112759643917 0.009375 0.12462908011869436
0 0.58984375 0.4502967359050445 0.03125 0.09495548961424333
0 0.61171875 0.31305637982195844 0.0125 0.1201780415430267
0 0.685546875 0.3301186943620178 0.01640625 0.11275964391691394
0 0.703125 0.44881305637982194 0.015625 0.1201780415430267
0 0.788671875 0.3167655786350148 0.01796875 0.11127596439169139
0 0.850390625 0.49851632047477745 0.02421875 0.12166172106824925
0 0.890234375 0.4020771513353116 0.02109375 0.129080118694362
0 0.773046875 0.8775964391691394 0.02109375 0.13056379821958458
0 0.541796875 0.28486646884273 0.02265625 0.10534124629080119
0 0.58046875 0.28560830860534125 0.0171875 0.13501483679525222