0 0.22109375 0.40578635014836795 0.0640625 0.06379821958456973
0 0.156640625 0.8004451038575667 0.14140625 0.2596439169139466
0 0.238671875 0.8501483679525222 0.15078125 0.29673590504451036
0 0.603515625 0.9072700296735905 0.11640625 0.18397626112759644
0 0.558203125 0.6120178041543026 0.08046875 0.1543026706231454
0 0.666015625 0.5734421364985163 0.08515625 0.12759643916913946
0 0.701171875 0.5311572700296736 0.07265625 0.129080118694362
0 0.9015625 0.7774480712166172 0.1765625 0.27299703264094954
0 0.905859375 0.6045994065281899 0.12734375 0.1632047477744807
0 0.894140625 0.4792284866468843 0.09921875 0.09495548961424333
0 0.94375 0.45103857566765576 0.0671875 0.07566765578635015
0 0.5078125 0.40059347181008903 0.0328125 0.05489614243323442
0 0.70703125 0.3367952522255193 0.0390625 0.05934718100890208