0 0.136328125 0.8620178041543026 0.15390625 0.27299703264094954
0 0.223828125 0.8798219584569733 0.14609375 0.23738872403560832
0 0.209375 0.4280415430267062 0.0578125 0.06973293768545995
0 0.580859375 0.6654302670623146 0.10703125 0.18397626112759644
0 0.6875 0.6097922848664689 0.1015625 0.12759643916913946
0 0.726953125 0.5489614243323442 0.10859375 0.1201780415430267
0 0.92578125 0.7900593471810089 0.1484375 0.22255192878338279
0 0.9390625 0.637240356083086 0.1171875 0.14391691394658754
0 0.929296875 0.505192878338279 0.10390625 0.09643916913946587
0 0.5171875 0.4102373887240356 0.034375 0.05934718100890208
0 0.72109375 0.3427299703264095 0.0359375 0.05192878338278932
0 0.450390625 0.31008902077151335 0.03203125 0.040059347181008904