0 0.371484375 0.6550445103857567 0.02265625 0.06824925816023739
0 0.3984375 0.5853115727002968 0.021875 0.0712166172106825
0 0.464453125 0.7811572700296736 0.03046875 0.08753709198813056
0 0.697265625 0.9554896142433235 0.04453125 0.07566765578635015
0 0.73359375 0.6899109792284867 0.0265625 0.08456973293768547
0 0.769140625 0.6142433234421365 0.02890625 0.09940652818991098
0 0.698046875 0.5660237388724035 0.02890625 0.08160237388724036
0 0.6265625 0.5793768545994066 0.0296875 0.0771513353115727
0 0.653125 0.6602373887240356 0.025 0.07566765578635015
0 0.586328125 0.5771513353115727 0.02421875 0.07566765578635015
0 0.5578125 0.5437685459940653 0.01875 0.07566765578635015
0 0.52890625 0.5526706231454006 0.01875 0.07566765578635015
0 0.494921875 0.4896142433234421 0.02578125 0.08160237388724036
0 0.49375 0.5675074183976261 0.021875 0.05637982195845697
0 0.46875 0.5927299703264095 0.021875 0.07270029673590504
0 0.4421875 0.577893175074184 0.01875 0.07566765578635015
0 0.564453125 0.6706231454005934 0.02265625 0.08011869436201781
0 0.539453125 0.6179525222551929 0.01484375 0.04451038575667656
0 0.530859375 0.6884272997032641 0.01328125 0.06528189910979229
0 0.5109375 0.7010385756676558 0.021875 0.09198813056379822