0 0.30546875 0.443620178041543 0.034375 0.08753709198813056
0 0.361328125 0.35311572700296734 0.02109375 0.08456973293768547
0 0.408984375 0.33382789317507416 0.01640625 0.10089020771513353
0 0.449609375 0.36350148367952523 0.01484375 0.09347181008902077
0 0.4796875 0.32344213649851633 0.021875 0.0830860534124629
0 0.48359375 0.206973293768546 0.0265625 0.06676557863501484
0 0.536328125 0.3034124629080119 0.02265625 0.07566765578635015
0 0.571875 0.306379821958457 0.0171875 0.10385756676557864
0 0.60859375 0.3405044510385757 0.025 0.07270029673590504
0 0.588671875 0.47181008902077154 0.02890625 0.09050445103857567
0 0.55078125 0.5207715133531158 0.025 0.07566765578635015
0 0.559765625 0.3850148367952522 0.02578125 0.05489614243323442
0 0.510546875 0.5170623145400594 0.01796875 0.07418397626112759
0 0.445703125 0.6513353115727003 0.03046875 0.09792284866468842
0 0.76015625 0.8694362017804155 0.0234375 0.0830860534124629
0 0.835546875 0.5111275964391692 0.03046875 0.07566765578635015
0 0.78125 0.3330860534124629 0.0265625 0.11127596439169139
0 0.86953125 0.4198813056379822 0.0171875 0.08753709198813056
0 0.683984375 0.34198813056379823 0.02734375 0.0830860534124629
0 0.7 0.46142433234421365 0.0203125 0.08902077151335312