0 0.2227954971857411 0.944375 0.07317073170731707 0.105
0 0.11350844277673545 0.9525 0.04409005628517824 0.08375
0 0.051594746716697934 0.82 0.10318949343339587 0.1325
0 0.020168855534709193 0.963125 0.040337711069418386 0.0675
0 0.14962476547842402 0.74 0.039399624765478425 0.08875
0 0.24108818011257035 0.751875 0.0525328330206379 0.1075
0 0.5384615384615384 0.8575 0.040337711069418386 0.14875
0 0.7603189493433395 0.9625 0.06848030018761726 0.07
0 0.6552532833020638 0.68 0.05909943714821764 0.06
0 0.3728893058161351 0.614375 0.020637898686679174 0.05125
0 0.3714821763602251 0.5575 0.01594746716697936 0.04625
0 0.4090056285178236 0.55 0.017823639774859287 0.03
0 0.30112570356472795 0.60875 0.03470919324577861 0.04
0 0.27345215759849906 0.554375 0.0375234521575985 0.03625
0 0.8072232645403377 0.663125 0.06566604127579738 0.04875