0 0.4453125 0.5208333333333334 0.0171875 0.07777777777777778
0 0.42265625 0.6486111111111111 0.03125 0.11666666666666667
0 0.238671875 0.7020833333333333 0.02578125 0.06805555555555555
0 0.519921875 0.5604166666666667 0.03203125 0.08194444444444444
0 0.47578125 0.46944444444444444 0.0296875 0.09722222222222222
0 0.383203125 0.4423611111111111 0.01640625 0.07916666666666666
0 0.751953125 0.46319444444444446 0.04140625 0.10138888888888889
0 0.624609375 0.40347222222222223 0.03203125 0.06805555555555555
0 0.359375 0.37777777777777777 0.03125 0.041666666666666664
0 0.4828125 0.3819444444444444 0.0125 0.05555555555555555
0 0.5 0.3770833333333333 0.0046875 0.0625
0 0.51484375 0.4097222222222222 0.0171875 0.058333333333333334
0 0.869921875 0.3888888888888889 0.04140625 0.05555555555555555