0 0.19609375 0.7180555555555556 0.0421875 0.08333333333333333
0 0.428125 0.6625 0.034375 0.11388888888888889
0 0.454296875 0.5298611111111111 0.01796875 0.0625
0 0.47578125 0.46875 0.01875 0.07361111111111111
0 0.525 0.5631944444444444 0.0328125 0.0625
0 0.389453125 0.4423611111111111 0.03203125 0.08194444444444444
0 0.75625 0.46111111111111114 0.0296875 0.08888888888888889
0 0.62421875 0.41597222222222224 0.0265625 0.06527777777777778
0 0.483984375 0.39305555555555555 0.01328125 0.07777777777777778
0 0.50078125 0.3861111111111111 0.009375 0.06666666666666667
0 0.514453125 0.4048611111111111 0.01484375 0.0625
0 0.870703125 0.3888888888888889 0.02890625 0.06111111111111111
0 0.35078125 0.38680555555555557 0.0203125 0.059722222222222225