0 0.694140625 0.5534722222222223 0.04296875 0.10972222222222222
0 0.568359375 0.5652777777777778 0.05078125 0.125
0 0.498046875 0.5527777777777778 0.03203125 0.11388888888888889
0 0.466796875 0.5770833333333333 0.02890625 0.1125
0 0.402734375 0.6097222222222223 0.03671875 0.14722222222222223
0 0.362109375 0.6291666666666667 0.03359375 0.14444444444444443
0 0.40703125 0.7694444444444445 0.053125 0.17777777777777778
0 0.15078125 0.8729166666666667 0.071875 0.20694444444444443
0 0.293359375 0.54375 0.02734375 0.0625
0 0.348046875 0.49930555555555556 0.03984375 0.06805555555555555
0 0.430078125 0.5194444444444445 0.02734375 0.075
0 0.519921875 0.5208333333333334 0.02578125 0.10833333333333334