0 0.144921875 0.83125 0.06171875 0.14027777777777778
0 0.35859375 0.6215277777777778 0.034375 0.1125
0 0.398046875 0.5965277777777778 0.03671875 0.12083333333333333
0 0.399609375 0.7256944444444444 0.04453125 0.10416666666666667
0 0.47734375 0.5756944444444444 0.0328125 0.08472222222222223
0 0.56875 0.5743055555555555 0.0390625 0.14027777777777778
0 0.688671875 0.5590277777777778 0.04921875 0.10416666666666667
0 0.4296875 0.5 0.025 0.08888888888888889
0 0.44921875 0.4444444444444444 0.025 0.08888888888888889
0 0.29609375 0.5465277777777777 0.0328125 0.09861111111111111
0 0.353125 0.5013888888888889 0.0328125 0.075
0 0.51875 0.5298611111111111 0.0296875 0.09583333333333334