0 0.18046875 0.8368055555555556 0.0796875 0.22361111111111112
0 0.416015625 0.6826388888888889 0.05078125 0.11527777777777778
0 0.394921875 0.5666666666666667 0.03984375 0.1
0 0.34453125 0.5715277777777777 0.034375 0.10138888888888889
0 0.523046875 0.5979166666666667 0.02578125 0.14027777777777778
0 0.553125 0.5854166666666667 0.0328125 0.15416666666666667
0 0.685546875 0.5715277777777777 0.05078125 0.11805555555555555
0 0.459765625 0.5270833333333333 0.01171875 0.12916666666666668
0 0.474609375 0.5055555555555555 0.01484375 0.10833333333333334
0 0.49296875 0.51875 0.0125 0.12916666666666668
0 0.436328125 0.5173611111111112 0.01796875 0.09583333333333334