0 0.2890625 0.4652777777777778 0.0734375 0.06666666666666667
0 0.24140625 0.7291666666666666 0.0578125 0.1111111111111111
0 0.3078125 0.875 0.071875 0.14444444444444443
0 0.41328125 0.8875 0.05625 0.17777777777777778
0 0.54765625 0.8402777777777778 0.0453125 0.11666666666666667
0 0.6046875 0.8847222222222222 0.059375 0.22777777777777777
0 0.68203125 0.8305555555555556 0.075 0.16111111111111112
0 0.66484375 0.6944444444444444 0.040625 0.09444444444444444
0 0.6796875 0.6 0.071875 0.14166666666666666
0 0.65546875 0.5027777777777778 0.0421875 0.09722222222222222
0 0.6359375 0.4125 0.0421875 0.11388888888888889