0 0.2484375 0.28888888888888886 0.05625 0.11944444444444445
0 0.228125 0.5458333333333333 0.06875 0.10833333333333334
0 0.21796875 0.8 0.1125 0.21666666666666667
0 0.38984375 0.8222222222222222 0.040625 0.21388888888888888
0 0.4859375 0.8166666666666667 0.059375 0.24166666666666667
0 0.5828125 0.9041666666666667 0.084375 0.15555555555555556
0 0.6140625 0.7152777777777778 0.0875 0.19444444444444445
0 0.65234375 0.5583333333333333 0.04375 0.11666666666666667
0 0.67421875 0.48194444444444445 0.096875 0.18333333333333332
0 0.63359375 0.2388888888888889 0.04375 0.13055555555555556
0 0.671875 0.3347222222222222 0.034375 0.125