0 0.2484375 0.3111111111111111 0.06875 0.12777777777777777
0 0.2390625 0.4041666666666667 0.0375 0.06944444444444445
0 0.2171875 0.5763888888888888 0.084375 0.1111111111111111
0 0.2234375 0.7888888888888889 0.065625 0.15555555555555556
0 0.39140625 0.8263888888888888 0.071875 0.19444444444444445
0 0.484375 0.8069444444444445 0.0546875 0.18055555555555555
0 0.5734375 0.9138888888888889 0.0734375 0.14722222222222223
0 0.60078125 0.7291666666666666 0.096875 0.18055555555555555
0 0.6484375 0.575 0.053125 0.10277777777777777
0 0.66796875 0.5013888888888889 0.103125 0.18055555555555555
0 0.6296875 0.25277777777777777 0.046875 0.08055555555555556