0 0.3234375 0.22916666666666666 0.0625 0.09166666666666666
0 0.30625 0.5708333333333333 0.08125 0.10555555555555556
0 0.3828125 0.7208333333333333 0.04375 0.1388888888888889
0 0.43359375 0.7583333333333333 0.065625 0.14722222222222223
0 0.4671875 0.9013888888888889 0.1515625 0.14444444444444443
0 0.5515625 0.7291666666666666 0.05625 0.09166666666666666
0 0.6265625 0.7708333333333334 0.1421875 0.16944444444444445
0 0.6515625 0.9527777777777777 0.103125 0.08055555555555556
0 0.70078125 0.4986111111111111 0.05 0.08888888888888889
0 0.70390625 0.35694444444444445 0.05 0.08611111111111111
0 0.68828125 0.23472222222222222 0.0546875 0.11388888888888889