0 0.30703125 0.4791666666666667 0.0375 0.17222222222222222
0 0.3671875 0.4930555555555556 0.040625 0.175
0 0.4234375 0.42916666666666664 0.034375 0.1527777777777778
0 0.5390625 0.3 0.04375 0.14722222222222223
0 0.48046875 0.5833333333333334 0.0421875 0.18611111111111112
0 0.5390625 0.6597222222222222 0.0375 0.19166666666666668
0 0.61171875 0.5958333333333333 0.0390625 0.14444444444444443
0 0.66328125 0.5875 0.03125 0.19722222222222222
0 0.7734375 0.5541666666666667 0.0421875 0.17222222222222222
0 0.3671875 0.7138888888888889 0.0296875 0.18333333333333332
0 0.46640625 0.9347222222222222 0.05 0.12777777777777777
0 0.62109375 0.8138888888888889 0.0390625 0.21944444444444444