0 0.54765625 0.29583333333333334 0.025 0.1527777777777778
0 0.42734375 0.4027777777777778 0.028125 0.15555555555555556
0 0.3734375 0.48194444444444445 0.025 0.11944444444444445
0 0.315625 0.46111111111111114 0.0203125 0.15555555555555556
0 0.3671875 0.6902777777777778 0.03125 0.1638888888888889
0 0.475 0.9277777777777778 0.046875 0.13333333333333333
0 0.4953125 0.5625 0.0375 0.19444444444444445
0 0.5453125 0.625 0.0390625 0.19166666666666668
0 0.62109375 0.5583333333333333 0.04375 0.1527777777777778
0 0.67109375 0.5722222222222222 0.04375 0.14166666666666666
0 0.79609375 0.5361111111111111 0.05 0.15555555555555556
0 0.6390625 0.7763888888888889 0.053125 0.2222222222222222