0 0.36640625 0.42916666666666664 0.03125 0.13055555555555556
0 0.43515625 0.4361111111111111 0.0375 0.10277777777777777
0 0.434375 0.625 0.0515625 0.18055555555555555
0 0.5578125 0.5402777777777777 0.025 0.14722222222222223
0 0.59765625 0.5888888888888889 0.034375 0.14444444444444443
0 0.52421875 0.875 0.040625 0.21666666666666667
0 0.69296875 0.7013888888888888 0.0375 0.19722222222222222
0 0.65625 0.49583333333333335 0.025 0.12777777777777777
0 0.71953125 0.5083333333333333 0.0375 0.16111111111111112
0 0.821875 0.43194444444444446 0.040625 0.14166666666666666
0 0.59140625 0.24027777777777778 0.04375 0.11944444444444445