0 0.90703125 0.6172106824925816 0.121875 0.11869436201780416
0 0.7703125 0.5652818991097923 0.0703125 0.09495548961424333
0 0.803515625 0.48293768545994065 0.05703125 0.06231454005934718
0 0.559375 0.6995548961424333 0.0703125 0.24925816023738873
0 0.510546875 0.49554896142433236 0.05078125 0.10237388724035608
0 0.24453125 0.5704747774480712 0.09375 0.13056379821958458
0 0.31953125 0.5875370919881305 0.0625 0.13056379821958458
0 0.265625 0.3464391691394659 0.0453125 0.07418397626112759
0 0.810546875 0.41172106824925814 0.04140625 0.06528189910979229
0 0.936328125 0.37908011869436203 0.05234375 0.04154302670623145
0 0.6390625 0.4280415430267062 0.0453125 0.05489614243323442