0 0.20390625 0.443620178041543 0.06875 0.08160237388724036
0 0.138671875 0.9043026706231454 0.11328125 0.1884272997032641
0 0.229296875 0.9436201780415431 0.06640625 0.10979228486646884
0 0.603125 0.771513353115727 0.1078125 0.2789317507418398
0 0.717578125 0.6654302670623146 0.11484375 0.228486646884273
0 0.766796875 0.6068249258160238 0.12109375 0.20029673590504452
0 0.95234375 0.857566765578635 0.0953125 0.21513353115727002
0 0.521875 0.4310089020771513 0.053125 0.08753709198813056
0 0.4546875 0.32270029673590506 0.0359375 0.04599406528189911
0 0.726171875 0.30118694362017806 0.03046875 0.057863501483679525
0 0.6703125 0.3857566765578635 0.040625 0.06676557863501484
0 0.961328125 0.5333827893175074 0.07734375 0.10534124629080119