0 0.925390625 0.3538575667655786 0.02265625 0.13353115727002968
0 0.81953125 0.25445103857566764 0.0265625 0.1394658753709199
0 0.698046875 0.26112759643916916 0.01796875 0.13056379821958458
0 0.720703125 0.3909495548961424 0.01953125 0.11572700296735905
0 0.794140625 0.8635014836795252 0.02421875 0.10682492581602374
0 0.628515625 0.2410979228486647 0.02421875 0.10979228486646884
0 0.590234375 0.2129080118694362 0.01796875 0.11275964391691394
0 0.5484375 0.2099406528189911 0.015625 0.13056379821958458
0 0.484375 0.11572700296735905 0.0265625 0.10979228486646884
0 0.396875 0.28857566765578635 0.025 0.12166172106824925
0 0.44296875 0.29896142433234424 0.021875 0.12166172106824925
0 0.4828125 0.24554896142433236 0.025 0.12166172106824925
0 0.51015625 0.46513353115727 0.0234375 0.1172106824925816
0 0.346875 0.29451038575667654 0.0328125 0.14094955489614244
0 0.433984375 0.6298219584569733 0.02265625 0.11275964391691394
0 0.276953125 0.3983679525222552 0.03046875 0.1142433234421365
0 0.601953125 0.3909495548961424 0.03359375 0.10682492581602374