0 0.48828125 0.3672106824925816 0.01875 0.10089020771513353
0 0.53671875 0.34940652818991097 0.0171875 0.11572700296735905
0 0.572265625 0.34940652818991097 0.01640625 0.08753709198813056
0 0.602734375 0.37908011869436203 0.02109375 0.09495548961424333
0 0.555859375 0.4235905044510386 0.01328125 0.07566765578635015
0 0.539453125 0.5489614243323442 0.01171875 0.08902077151335312
0 0.51015625 0.5534124629080118 0.0109375 0.10089020771513353
0 0.44921875 0.6847181008902077 0.0171875 0.09495548961424333
0 0.5796875 0.5096439169139466 0.015625 0.08902077151335312
0 0.693359375 0.505192878338279 0.02734375 0.09050445103857567
0 0.67578125 0.39020771513353114 0.01875 0.08605341246290801
0 0.7703125 0.38427299703264095 0.0203125 0.11869436201780416
0 0.8171875 0.5489614243323442 0.025 0.10089020771513353
0 0.85390625 0.4621661721068249 0.0203125 0.11127596439169139
0 0.754296875 0.9013353115727003 0.03671875 0.12462908011869436
0 0.451171875 0.41172106824925814 0.01484375 0.10979228486646884
0 0.412890625 0.39020771513353114 0.01484375 0.08605341246290801
0 0.36796875 0.4198813056379822 0.0140625 0.10979228486646884
0 0.316796875 0.4903560830860534 0.01953125 0.09940652818991098