0 0.7375 0.8909495548961425 0.028125 0.09643916913946587
0 0.451171875 0.6876854599406528 0.03046875 0.10534124629080119
0 0.324609375 0.5022255192878339 0.03046875 0.07863501483679525
0 0.3703125 0.422106824925816 0.0359375 0.09198813056379822
0 0.415625 0.41172106824925814 0.0203125 0.08753709198813056
0 0.453125 0.42952522255192876 0.015625 0.11275964391691394
0 0.4828125 0.38724035608308605 0.025 0.08011869436201781
0 0.4859375 0.27818991097922846 0.021875 0.07566765578635015
0 0.5296875 0.36572700296735905 0.009375 0.05637982195845697
0 0.55 0.456973293768546 0.015625 0.06676557863501484
0 0.5640625 0.3612759643916914 0.015625 0.07566765578635015
0 0.604296875 0.4072700296735905 0.01484375 0.09792284866468842
0 0.57890625 0.521513353115727 0.021875 0.08160237388724036
0 0.545703125 0.5704747774480712 0.02421875 0.08011869436201781
0 0.510546875 0.5652818991097923 0.02109375 0.08902077151335312
0 0.66640625 0.4146884272997033 0.0328125 0.07863501483679525
0 0.6828125 0.5126112759643917 0.0203125 0.06379821958456973
0 0.750390625 0.3954005934718101 0.01953125 0.08753709198813056
0 0.801171875 0.5563798219584569 0.02734375 0.09347181008902077
0 0.839453125 0.47032640949554894 0.02265625 0.08753709198813056