0 0.4546875 0.7203264094955489 0.03125 0.09050445103857567
0 0.34140625 0.5526706231454006 0.0328125 0.09495548961424333
0 0.387109375 0.47181008902077154 0.03671875 0.08753709198813056
0 0.4234375 0.4621661721068249 0.01875 0.08753709198813056
0 0.45703125 0.48293768545994065 0.0125 0.08456973293768547
0 0.482421875 0.4465875370919881 0.01328125 0.07566765578635015
0 0.532421875 0.4258160237388724 0.01953125 0.07863501483679525
0 0.49296875 0.3560830860534125 0.028125 0.06824925816023739
0 0.512109375 0.6097922848664689 0.01484375 0.08011869436201781
0 0.53984375 0.6097922848664689 0.0171875 0.0771513353115727
0 0.5765625 0.5615727002967359 0.015625 0.07863501483679525
0 0.551171875 0.5244807121661721 0.02578125 0.06824925816023739
0 0.60234375 0.45623145400593473 0.015625 0.08456973293768547
0 0.56640625 0.4310089020771513 0.0234375 0.07418397626112759
0 0.65625 0.4621661721068249 0.01875 0.06083086053412463
0 0.673828125 0.5623145400593472 0.02265625 0.057863501483679525
0 0.72265625 0.9154302670623146 0.021875 0.0771513353115727
0 0.776953125 0.6008902077151336 0.01953125 0.07566765578635015
0 0.816015625 0.5178041543026706 0.02421875 0.10534124629080119
0 0.740625 0.4502967359050445 0.0265625 0.09495548961424333