0 0.7296875 0.4903560830860534 0.0234375 0.10534124629080119
0 0.801171875 0.548219584569733 0.01796875 0.08456973293768547
0 0.769921875 0.6253709198813057 0.01015625 0.08605341246290801
0 0.648828125 0.5074183976261127 0.01484375 0.08160237388724036
0 0.6703125 0.5927299703264095 0.0265625 0.08753709198813056
0 0.716796875 0.9324925816023739 0.01953125 0.09050445103857567
0 0.596875 0.49629080118694363 0.0125 0.08456973293768547
0 0.566796875 0.4681008902077151 0.01015625 0.07566765578635015
0 0.53359375 0.4732937685459941 0.0125 0.08011869436201781
0 0.49140625 0.4836795252225519 0.0125 0.07270029673590504
0 0.490625 0.38946587537091987 0.0140625 0.09050445103857567
0 0.5515625 0.543026706231454 0.0125 0.08605341246290801
0 0.568359375 0.5971810089020771 0.01484375 0.09495548961424333
0 0.53671875 0.6350148367952523 0.0140625 0.08902077151335312
0 0.5140625 0.6461424332344213 0.015625 0.0830860534124629
0 0.457421875 0.7440652818991098 0.01484375 0.09347181008902077
0 0.46015625 0.5200296735905044 0.0171875 0.08456973293768547
0 0.430859375 0.5 0.01328125 0.0830860534124629
0 0.390234375 0.5133531157270029 0.01484375 0.09792284866468842