0 0.783984375 0.6045994065281899 0.01953125 0.11572700296735905
0 0.713671875 0.5586053412462908 0.01796875 0.09495548961424333
0 0.749609375 0.6706231454005934 0.01640625 0.08011869436201781
0 0.659765625 0.6461424332344213 0.01953125 0.0771513353115727
0 0.6390625 0.564540059347181 0.00625 0.08456973293768547
0 0.5859375 0.5548961424332344 0.01875 0.09050445103857567
0 0.554296875 0.5341246290801187 0.02734375 0.07863501483679525
0 0.53203125 0.526706231454006 0.0140625 0.07270029673590504
0 0.491796875 0.4621661721068249 0.02109375 0.06379821958456973
0 0.4921875 0.5445103857566765 0.0140625 0.07270029673590504
0 0.466015625 0.5727002967359051 0.01328125 0.08456973293768547
0 0.440234375 0.5600890207715133 0.01015625 0.0712166172106825
0 0.4 0.5637982195845698 0.009375 0.0830860534124629
0 0.3640625 0.6231454005934718 0.0265625 0.07418397626112759
0 0.4640625 0.7737388724035609 0.0265625 0.08605341246290801
0 0.70234375 0.962166172106825 0.0234375 0.07418397626112759
0 0.512890625 0.6965875370919882 0.01953125 0.08456973293768547
0 0.537109375 0.6817507418397626 0.01015625 0.08605341246290801
0 0.5453125 0.6031157270029673 0.0140625 0.08605341246290801
0 0.569140625 0.6491097922848664 0.01953125 0.07863501483679525