0 0.75703125 0.6320474777448071 0.0125 0.08011869436201781
0 0.6921875 0.577893175074184 0.01875 0.08605341246290801
0 0.626953125 0.5971810089020771 0.01484375 0.0771513353115727
0 0.647265625 0.6728486646884273 0.01640625 0.0712166172106825
0 0.49375 0.4992581602373887 0.015625 0.0712166172106825
0 0.55859375 0.5541543026706232 0.009375 0.07270029673590504
0 0.4671875 0.6008902077151336 0.0140625 0.07418397626112759
0 0.445703125 0.591246290801187 0.00859375 0.06528189910979229
0 0.403515625 0.5897626112759644 0.01484375 0.09643916913946587
0 0.467578125 0.7707715133531158 0.01953125 0.0771513353115727
0 0.68515625 0.9554896142433235 0.015625 0.08605341246290801