0 0.71796875 0.6869436201780416 0.0203125 0.07418397626112759
0 0.748046875 0.6172106824925816 0.02890625 0.08160237388724036
0 0.685546875 0.5704747774480712 0.02578125 0.0771513353115727
0 0.6171875 0.5741839762611276 0.01875 0.05489614243323442
0 0.642578125 0.6669139465875371 0.01640625 0.07566765578635015
0 0.6765625 0.9376854599406528 0.028125 0.0830860534124629
0 0.56171875 0.6750741839762612 0.0203125 0.06676557863501484
0 0.46953125 0.7774480712166172 0.025 0.08902077151335312
0 0.384765625 0.6513353115727003 0.02578125 0.057863501483679525
0 0.411328125 0.5905044510385756 0.01796875 0.06676557863501484
0 0.443359375 0.5793768545994066 0.01015625 0.06676557863501484
0 0.46484375 0.5897626112759644 0.009375 0.0712166172106825
0 0.48671875 0.5816023738872403 0.0109375 0.04599406528189911
0 0.49140625 0.49554896142433236 0.0203125 0.05489614243323442
0 0.519140625 0.5497032640949555 0.01484375 0.06083086053412463
0 0.55625 0.5489614243323442 0.0125 0.06379821958456973
0 0.579296875 0.5793768545994066 0.01015625 0.06973293768545995
0 0.530859375 0.6891691394658753 0.01796875 0.06676557863501484
0 0.511328125 0.6958456973293768 0.01796875 0.07566765578635015
0 0.540234375 0.6105341246290801 0.01796875 0.05637982195845697