0 0.7375 0.6194362017804155 0.0140625 0.09495548961424333
0 0.6765625 0.5793768545994066 0.015625 0.08011869436201781
0 0.709375 0.6876854599406528 0.0140625 0.07270029673590504
0 0.636328125 0.672106824925816 0.01484375 0.07566765578635015
0 0.66640625 0.9235905044510386 0.0140625 0.07566765578635015
0 0.6140625 0.5867952522255193 0.015625 0.06528189910979229
0 0.58125 0.5905044510385756 0.0140625 0.0830860534124629
0 0.55625 0.5682492581602374 0.0140625 0.07270029673590504
0 0.496484375 0.5059347181008902 0.01484375 0.06528189910979229
0 0.5234375 0.5667655786350149 0.0140625 0.05489614243323442
0 0.541796875 0.6186943620178041 0.01015625 0.0712166172106825
0 0.560546875 0.6795252225519288 0.01484375 0.06824925816023739
0 0.531640625 0.6869436201780416 0.01484375 0.05637982195845697
0 0.512109375 0.6958456973293768 0.01640625 0.06083086053412463
0 0.466796875 0.7633531157270029 0.02109375 0.07566765578635015
0 0.415625 0.5956973293768546 0.0171875 0.08605341246290801
0 0.38984375 0.6476261127596439 0.0140625 0.07418397626112759
0 0.450390625 0.5927299703264095 0.00859375 0.06528189910979229
0 0.4734375 0.5956973293768546 0.0125 0.06083086053412463
0 0.491796875 0.5816023738872403 0.01484375 0.06083086053412463