0 0.39453125 0.6535608308605341 0.01875 0.06824925816023739
0 0.41640625 0.5986646884272997 0.021875 0.06083086053412463
0 0.4671875 0.7544510385756676 0.0203125 0.0771513353115727
0 0.660546875 0.9183976261127597 0.02421875 0.07863501483679525
0 0.694921875 0.6913946587537092 0.01328125 0.0830860534124629
0 0.723046875 0.6238872403560831 0.02109375 0.10237388724035608
0 0.668359375 0.5927299703264095 0.02265625 0.09050445103857567
0 0.605859375 0.6031157270029673 0.02265625 0.06528189910979229
0 0.633203125 0.6624629080118695 0.01796875 0.06676557863501484
0 0.576953125 0.5897626112759644 0.00859375 0.06824925816023739
0 0.55390625 0.5623145400593472 0.0125 0.05489614243323442
0 0.56015625 0.6735905044510386 0.01875 0.06973293768545995
0 0.537890625 0.6142433234421365 0.01328125 0.06973293768545995
0 0.51953125 0.5704747774480712 0.0109375 0.07418397626112759
0 0.4953125 0.5222551928783383 0.0203125 0.06083086053412463
0 0.49375 0.5830860534124629 0.009375 0.06083086053412463
0 0.476171875 0.5949554896142433 0.01015625 0.06528189910979229
0 0.453515625 0.5816023738872403 0.01484375 0.06379821958456973
0 0.510546875 0.6928783382789317 0.01328125 0.07566765578635015
0 0.526171875 0.6787833827893175 0.01171875 0.07566765578635015