0 0.136 0.49833333333333335 0.198 0.14333333333333334
0 0.172 0.38333333333333336 0.102 0.14333333333333334
0 0.405 0.46166666666666667 0.068 0.11333333333333333
0 0.477 0.4266666666666667 0.09 0.12666666666666668
0 0.571 0.4583333333333333 0.064 0.12333333333333334
0 0.701 0.5066666666666667 0.14 0.12
0 0.789 0.43 0.126 0.13333333333333333
0 0.537 0.5916666666666667 0.102 0.16333333333333333
0 0.758 0.595 0.084 0.10333333333333333
0 0.96 0.5283333333333333 0.08 0.14333333333333334
0 0.198 0.9133333333333333 0.1 0.16666666666666666