0 0.798 0.6019736842105263 0.144 0.2598684210526316
0 0.75 0.4917763157894737 0.056 0.08881578947368421
0 0.549 0.6052631578947368 0.068 0.2631578947368421
0 0.466 0.569078947368421 0.092 0.16776315789473684
0 0.306 0.53125 0.144 0.19407894736842105
0 0.138 0.3256578947368421 0.05 0.11842105263157894
0 0.175 0.3059210526315789 0.028 0.06578947368421052
0 0.383 0.3157894736842105 0.054 0.10526315789473684
0 0.555 0.2582236842105263 0.068 0.08552631578947369
0 0.627 0.2944078947368421 0.062 0.08881578947368421
0 0.702 0.32894736842105265 0.06 0.12828947368421054
0 0.791 0.3717105263157895 0.096 0.15789473684210525
0 0.275 0.18585526315789475 0.054 0.09539473684210527
0 0.26 0.13815789473684212 0.032 0.08881578947368421
0 0.344 0.14473684210526316 0.032 0.06578947368421052
0 0.14 0.20065789473684212 0.042 0.0625