0 0.608 0.48179271708683474 0.418 0.8487394957983193
0 0.309 0.7661064425770309 0.07 0.1484593837535014
0 0.298 0.4327731092436975 0.042 0.04201680672268908
0 0.267 0.3011204481792717 0.022 0.04201680672268908
0 0.241 0.3179271708683473 0.046 0.04481792717086835
0 0.243 0.3753501400560224 0.028 0.04481792717086835
0 0.213 0.4005602240896359 0.024 0.047619047619047616
0 0.213 0.36134453781512604 0.022 0.028011204481792718
0 0.176 0.42997198879551823 0.044 0.0700280112044818
0 0.013 0.21428571428571427 0.018 0.03361344537815126
0 0.229 0.16946778711484595 0.048 0.028011204481792718