0 0.045 0.56 0.062 0.09866666666666667
0 0.115 0.5706666666666667 0.072 0.06933333333333333
0 0.197 0.596 0.068 0.08533333333333333
0 0.321 0.6466666666666666 0.11 0.16
0 0.414 0.5786666666666667 0.074 0.09333333333333334
0 0.486 0.58 0.076 0.096
0 0.617 0.6733333333333333 0.08 0.14666666666666667
0 0.687 0.5773333333333334 0.084 0.104
0 0.766 0.692 0.104 0.13866666666666666
0 0.873 0.6826666666666666 0.13 0.08533333333333333
0 0.088 0.8013333333333333 0.052 0.06933333333333333
0 0.448 0.7093333333333334 0.04 0.048